1	0.70336	0.954406	0.874886	-0.268824	-0.317874	0.825127	-0.236905	-0.255508	-0.308451	-0.305651	0.782857	-0.290241	-0.314405	-0.289665	-0.272981	-0.320635	-0.251819	-0.303946	0.250021	0.20902	-0.274311	-0.236532	-0.308137	-0.280997	-0.231693	-0.308137	0.770259	-0.276661	-0.227614	-0.299902	-0.280997	-0.227614	-0.275187	-0.280997	-0.280997	-0.289352	-0.290798	-0.272617	-0.302305	-0.231758	-0.279105	-0.269984	-0.269984	-0.213141	-0.265717	-0.308137	-0.285656	-0.289401	0.399755	-0.469594	-0.469594	0.335104	-0.469594	0.354637	-0.295411	-0.467086	-0.287015	-0.291052	0.397928	0.400818	0.458793	-0.285975	-0.285975	-0.285975	0.455506	0.458901	-0.286866	-0.286866	0.454499	-0.286053	-0.286053	0.454499	0.448794	-0.286053	-0.286053	-0.282097	-0.286053	0.454499	-0.286053	0.454499	-0.285724	-0.283974	-0.283974	-0.282792	0.453505	-0.282792	0.453505	-0.275119	-0.282792	-0.282792	-0.281927	-0.281294	-0.282806	-0.282806	-0.281524	-0.281524	-0.275813	-0.0656951	-0.0161733
0.70336	1	0.704629	0.736354	-0.2649	-0.219419	0.602308	-0.191214	-0.198806	-0.255098	-0.251797	0.612148	-0.207398	-0.218972	-0.206986	-0.233561	-0.270635	-0.16335	-0.226407	0.161131	0.174739	-0.203541	-0.198872	-0.2202	-0.25554	-0.200468	-0.2202	0.58075	-0.201406	-0.199372	-0.221205	-0.25554	-0.199372	-0.248187	-0.25554	-0.25554	-0.254699	-0.255333	-0.183294	-0.217311	-0.193613	-0.245052	-0.247501	-0.247501	-0.186641	-0.252485	-0.2202	-0.206385	-0.203322	0.335409	-0.45424	-0.45424	0.338858	-0.45424	0.315337	-0.203522	-0.450939	-0.203785	-0.208888	0.343346	0.344018	0.400215	-0.215204	-0.215204	-0.215204	0.397215	0.398248	-0.216483	-0.216483	0.400546	-0.210119	-0.210119	0.400546	0.395931	-0.210119	-0.210119	-0.206226	-0.210119	0.400546	-0.210119	0.400546	-0.209268	-0.210156	-0.210156	-0.20931	0.399843	-0.20931	0.399843	-0.205417	-0.20931	-0.20931	-0.209755	-0.20717	-0.208867	-0.208867	-0.209679	-0.209679	-0.202356	-0.14557	-0.0304772
0.954406	0.704629	1	0.893814	-0.255323	-0.297847	0.824448	-0.231842	-0.245918	-0.295186	-0.292544	0.78533	-0.270365	-0.29433	-0.269828	-0.257948	-0.30368	-0.236102	-0.285688	0.273896	0.229151	-0.26372	-0.214008	-0.289552	-0.26141	-0.208114	-0.289552	0.770378	-0.263076	-0.205438	-0.281671	-0.26141	-0.205438	-0.255936	-0.26141	-0.26141	-0.26936	-0.270771	-0.247356	-0.283732	-0.208938	-0.262969	-0.254179	-0.254179	-0.195094	-0.250438	-0.289552	-0.264207	-0.27503	0.417897	-0.502001	-0.502001	0.378652	-0.502001	0.39498	-0.280515	-0.499185	-0.271217	-0.274871	0.420678	0.421339	0.489732	-0.269284	-0.269284	-0.269284	0.486232	0.487328	-0.270103	-0.270103	0.485419	-0.269459	-0.269459	0.485419	0.478007	-0.269459	-0.269459	-0.265206	-0.269459	0.485419	-0.269459	0.485419	-0.269169	-0.267562	-0.267562	-0.266349	0.484407	-0.266349	0.484407	-0.258479	-0.266349	-0.266349	-0.265555	-0.264716	-0.26622	-0.26622	-0.266322	-0.266322	-0.260177	-0.0568516	-0.00982636
0.874886	0.736354	0.893814	1	-0.386117	-0.282892	0.7959	-0.253105	-0.265821	-0.329255	-0.326263	0.799329	-0.255701	-0.280847	-0.253664	-0.291146	-0.332885	-0.233215	-0.270228	0.24315	0.20476	-0.242961	-0.26011	-0.276086	-0.30443	-0.261617	-0.276086	0.741719	-0.241669	-0.250821	-0.267529	-0.30443	-0.250821	-0.301224	-0.30443	-0.30443	-0.31324	-0.314715	-0.234039	-0.269163	-0.24494	-0.29972	-0.290248	-0.290248	-0.232774	-0.295467	-0.276086	-0.253448	-0.257509	0.400225	-0.48648	-0.48648	0.345645	-0.48648	0.365668	-0.26513	-0.484633	-0.253649	-0.301393	0.414344	0.415816	0.47727	-0.29585	-0.29585	-0.29585	0.474079	0.476008	-0.29529	-0.29529	0.472856	-0.292818	-0.292818	0.472856	0.465209	-0.292818	-0.292818	-0.287699	-0.292818	0.472856	-0.292818	0.472856	-0.29395	-0.295077	-0.295077	-0.29395	0.471908	-0.29395	0.471908	-0.28658	-0.29395	-0.29395	-0.294514	-0.29263	-0.294136	-0.294136	-0.294521	-0.294521	-0.289427	-0.0761293	-0.00525006
-0.268824	-0.2649	-0.255323	-0.386117	1	0.853096	-0.325916	0.772694	0.761667	0.934457	0.931357	-0.356121	0.777049	0.850635	0.775505	0.877083	0.759033	0.667853	0.832284	-0.176409	-0.188849	0.766825	0.83719	0.842693	0.720222	0.834199	0.842693	-0.215959	0.748261	0.829681	0.834416	0.720222	0.829681	0.737685	0.720222	0.720222	0.724602	0.725226	0.7827	0.809925	0.819889	0.733052	0.729132	0.729132	0.836978	0.73985	0.842693	0.779529	0.78285	-0.256272	0.520356	0.520356	-0.360077	0.520356	-0.359918	0.821491	0.505674	0.782014	0.841688	-0.26595	-0.270372	-0.153429	0.80962	0.80962	0.80962	-0.154316	-0.1589	0.807112	0.807112	-0.151552	0.803699	0.803699	-0.151552	-0.154565	0.803699	0.803699	0.797646	0.803699	-0.151552	0.803699	-0.151552	0.806054	0.804245	0.804245	0.803602	-0.150857	0.803602	-0.150857	0.797104	0.803602	0.803602	0.804412	0.80151	0.80151	0.80151	0.798179	0.798179	0.789543	0.351558	0.394605
-0.317874	-0.219419	-0.297847	-0.282892	0.853096	1	-0.389346	0.772141	0.761328	0.909807	0.907169	-0.363935	0.915932	0.995685	0.914113	0.95383	0.752406	0.738625	0.978543	-0.236907	-0.24952	0.904867	0.883974	0.987072	0.778983	0.881458	0.987072	-0.264228	0.881708	0.877251	0.979375	0.778983	0.877251	0.794148	0.778983	0.778983	0.782486	0.783029	0.922732	0.955728	0.87989	0.803108	0.799842	0.799842	0.897039	0.798617	0.987072	0.915588	0.918049	-0.301595	0.53255	0.53255	-0.403308	0.53255	-0.397018	0.958324	0.515007	0.91712	0.92887	-0.297899	-0.296033	-0.17095	0.892549	0.892549	0.892549	-0.171388	-0.169396	0.891636	0.891636	-0.169169	0.889911	0.889911	-0.169169	-0.167318	0.889911	0.889911	0.884684	0.889911	-0.169169	0.889911	-0.169169	0.890731	0.88895	0.88895	0.888131	-0.16831	0.888131	-0.16831	0.880851	0.888131	0.888131	0.887254	0.885558	0.885558	0.885558	0.88186	0.88186	0.871479	0.391483	0.45301
0.825127	0.602308	0.824448	0.7959	-0.325916	-0.389346	1	-0.300578	-0.321733	-0.368792	-0.366488	0.957566	-0.354619	-0.388748	-0.353915	-0.346921	-0.408679	-0.285889	-0.377848	0.480726	0.417965	-0.349373	-0.312796	-0.383844	-0.377911	-0.308354	-0.383844	0.92947	-0.339975	-0.305386	-0.376951	-0.377911	-0.305386	-0.369115	-0.377911	-0.377911	-0.385256	-0.386537	-0.3537	-0.38634	-0.307453	-0.371324	-0.36307	-0.36307	-0.286543	-0.360625	-0.383844	-0.351822	-0.355752	0.589327	-0.586827	-0.586827	0.476597	-0.586827	0.494845	-0.368656	-0.58277	-0.35489	-0.362392	0.59377	0.596412	0.478695	-0.352332	-0.352332	-0.352332	0.474843	0.477772	-0.353211	-0.353211	0.473399	-0.349286	-0.349286	0.473399	0.469402	-0.349286	-0.349286	-0.34495	-0.349286	0.473399	-0.349286	0.473399	-0.349099	-0.34739	-0.34739	-0.346087	0.472292	-0.346087	0.472292	-0.341356	-0.346087	-0.346087	-0.345243	-0.344327	-0.345818	-0.345818	-0.344538	-0.344538	-0.336406	-0.142325	-0.0604725
-0.236905	-0.191214	-0.231842	-0.253105	0.772694	0.772141	-0.300578	1	0.986161	0.835554	0.833361	-0.341121	0.706832	0.776071	0.705428	0.788722	0.664168	0.573302	0.758805	-0.298158	-0.276261	0.707055	0.732162	0.768666	0.625369	0.728613	0.768666	-0.200425	0.680877	0.738765	0.77419	0.625369	0.738765	0.645456	0.625369	0.625369	0.629792	0.63057	0.717887	0.751723	0.745875	0.656944	0.651853	0.651853	0.765984	0.646457	0.768666	0.710938	0.714588	-0.348749	0.394873	0.394873	-0.467199	0.394873	-0.472118	0.751728	0.3811	0.712024	0.728773	-0.340085	-0.34327	-0.218403	0.696131	0.696131	0.696131	-0.219714	-0.223039	0.695482	0.695482	-0.21338	0.69062	0.69062	-0.21338	-0.215376	0.69062	0.69062	0.685825	0.69062	-0.21338	0.69062	-0.21338	0.691016	0.689157	0.689157	0.68876	-0.212923	0.68876	-0.212923	0.684731	0.68876	0.68876	0.689437	0.687292	0.685689	0.685689	0.684335	0.684335	0.676318	0.370704	0.363569
-0.255508	-0.198806	-0.245918	-0.265821	0.761667	0.761328	-0.321733	0.986161	1	0.824748	0.822496	-0.361308	0.697035	0.765261	0.695651	0.778828	0.687482	0.566359	0.747865	-0.312644	-0.290059	0.69728	0.752324	0.757866	0.648224	0.748591	0.757866	-0.222211	0.671609	0.75875	0.763233	0.648224	0.75875	0.667664	0.648224	0.648224	0.652921	0.653715	0.738375	0.740358	0.76633	0.652295	0.647071	0.647071	0.756602	0.641516	0.757866	0.700742	0.704561	-0.36468	0.389485	0.389485	-0.455796	0.389485	-0.461727	0.741057	0.375942	0.701996	0.718514	-0.356146	-0.360536	-0.232823	0.686484	0.686484	0.686484	-0.234157	-0.238748	0.685831	0.685831	-0.227716	0.680987	0.680987	-0.227716	-0.230767	0.680987	0.680987	0.676235	0.680987	-0.227716	0.680987	-0.227716	0.681365	0.679508	0.679508	0.679129	-0.227278	0.679129	-0.227278	0.675107	0.679129	0.679129	0.679808	0.677693	0.676089	0.676089	0.674729	0.674729	0.666822	0.354842	0.347753
-0.308451	-0.255098	-0.295186	-0.329255	0.934457	0.909807	-0.368792	0.835554	0.824748	1	0.99684	-0.407743	0.845174	0.913968	0.843495	0.937475	0.821993	0.676861	0.893535	-0.24676	-0.257036	0.831072	0.884475	0.905774	0.767854	0.881391	0.905774	-0.261348	0.81587	0.877006	0.897456	0.767854	0.877006	0.785372	0.767854	0.767854	0.772267	0.772882	0.843347	0.872418	0.882774	0.795837	0.791831	0.791831	0.900024	0.787743	0.905774	0.842109	0.845467	-0.310746	0.573065	0.573065	-0.415985	0.573065	-0.414326	0.87931	0.557894	0.844538	0.853895	-0.300962	-0.305628	-0.189739	0.823344	0.823344	0.823344	-0.190453	-0.195317	0.82251	0.82251	-0.187762	0.817333	0.817333	-0.187762	-0.192899	0.817333	0.817333	0.812739	0.817333	-0.187762	0.817333	-0.187762	0.818014	0.816236	0.816236	0.815555	-0.187036	0.815555	-0.187036	0.812289	0.815555	0.815555	0.816418	0.813331	0.813331	0.813331	0.809853	0.809853	0.802511	0.35659	0.391309
-0.305651	-0.251797	-0.292544	-0.326263	0.931357	0.907169	-0.366488	0.833361	0.822496	0.99684	1	-0.410568	0.842973	0.911326	0.841299	0.934634	0.818354	0.675779	0.890898	-0.247632	-0.258141	0.827125	0.881451	0.903147	0.770368	0.878359	0.903147	-0.259472	0.813862	0.873955	0.894807	0.770368	0.873955	0.782107	0.770368	0.770368	0.770427	0.769578	0.840541	0.869715	0.879742	0.792578	0.790046	0.790046	0.897038	0.785926	0.903147	0.839799	0.843192	-0.311173	0.572993	0.572993	-0.418551	0.572993	-0.415662	0.876776	0.556517	0.842261	0.851519	-0.301434	-0.306072	-0.188522	0.819442	0.819442	0.819442	-0.189253	-0.194086	0.820368	0.820368	-0.186544	0.815195	0.815195	-0.186544	-0.193055	0.815195	0.815195	0.810629	0.815195	-0.186544	0.815195	-0.186544	0.815871	0.81409	0.81409	0.813414	-0.185823	0.813414	-0.185823	0.810167	0.813414	0.813414	0.814274	0.811206	0.811206	0.811206	0.807738	0.807738	0.800446	0.355414	0.39525
0.782857	0.612148	0.78533	0.799329	-0.356121	-0.363935	0.957566	-0.341121	-0.361308	-0.407743	-0.410568	1	-0.337539	-0.367597	-0.336869	-0.374466	-0.452469	-0.272503	-0.356298	0.499554	0.442835	-0.327759	-0.346684	-0.362717	-0.42445	-0.341807	-0.362717	0.907795	-0.324759	-0.351951	-0.368026	-0.42445	-0.351951	-0.41243	-0.42445	-0.42445	-0.428753	-0.428828	-0.345202	-0.377409	-0.359272	-0.419986	-0.412402	-0.412402	-0.339722	-0.405	-0.362717	-0.333263	-0.337739	0.601989	-0.609284	-0.609284	0.485348	-0.609284	0.504921	-0.348091	-0.604881	-0.336855	-0.343344	0.600872	0.604427	0.484243	-0.334069	-0.334069	-0.334069	0.480571	0.484456	-0.336478	-0.336478	0.478815	-0.33253	-0.33253	0.478815	0.477503	-0.33253	-0.33253	-0.328423	-0.33253	0.478815	-0.33253	0.478815	-0.332286	-0.330525	-0.330525	-0.329276	0.477758	-0.329276	0.477758	-0.324657	-0.329276	-0.329276	-0.329895	-0.327648	-0.329143	-0.329143	-0.327906	-0.327906	-0.321739	-0.145665	-0.0343688
-0.290241	-0.207398	-0.270365	-0.255701	0.777049	0.915932	-0.354619	0.706832	0.697035	0.845174	0.842973	-0.337539	1	0.92017	0.998014	0.882917	0.700826	0.793545	0.906976	-0.224452	-0.239914	0.819089	0.823112	0.918582	0.729194	0.821481	0.918582	-0.330272	0.965437	0.816888	0.91145	0.729194	0.816888	0.741918	0.729194	0.729194	0.731556	0.732058	0.859344	0.888936	0.822219	0.753262	0.750901	0.750901	0.837888	0.746987	0.918582	0.96957	0.972968	-0.287905	0.50917	0.50917	-0.376294	0.50917	-0.384003	0.908609	0.50424	0.956478	0.871121	-0.291006	-0.289514	-0.235567	0.9134	0.9134	0.9134	-0.235475	-0.234005	0.9122	0.9122	-0.233691	0.906947	0.906947	-0.233691	-0.232363	0.906947	0.906947	0.914095	0.906947	-0.233691	0.906947	-0.233691	0.907956	0.906486	0.906486	0.905478	-0.232678	0.905478	-0.232678	0.914551	0.905478	0.905478	0.904756	0.902235	0.902235	0.902235	0.905678	0.905678	0.916798	0.391045	0.436517
-0.314405	-0.218972	-0.29433	-0.280847	0.850635	0.995685	-0.388748	0.776071	0.765261	0.913968	0.911326	-0.367597	0.92017	1	0.918342	0.958043	0.756321	0.742651	0.979379	-0.241709	-0.255618	0.909079	0.884818	0.991367	0.779828	0.882306	0.991367	-0.267535	0.885888	0.878093	0.983661	0.779828	0.878093	0.794989	0.779828	0.779828	0.783325	0.783868	0.926925	0.959968	0.883987	0.807068	0.803795	0.803795	0.901158	0.79947	0.991367	0.919806	0.922271	-0.307012	0.536211	0.536211	-0.408656	0.536211	-0.402253	0.962579	0.518628	0.921336	0.93308	-0.300387	-0.298526	-0.171887	0.896713	0.896713	0.896713	-0.172319	-0.170331	0.895802	0.895802	-0.170102	0.890405	0.890405	-0.170102	-0.168272	0.890405	0.890405	0.885152	0.890405	-0.170102	0.890405	-0.170102	0.891228	0.889451	0.889451	0.888628	-0.169241	0.888628	-0.169241	0.884988	0.888628	0.888628	0.887754	0.886044	0.886044	0.886044	0.882332	0.882332	0.87191	0.392007	0.456365
-0.289665	-0.206986	-0.269828	-0.253664	0.775505	0.914113	-0.353915	0.705428	0.695651	0.843495	0.841299	-0.336869	0.998014	0.918342	1	0.882961	0.699434	0.794246	0.907019	-0.224006	-0.239438	0.817462	0.823208	0.918607	0.727746	0.819849	0.918607	-0.332598	0.965545	0.816997	0.911487	0.727746	0.816997	0.740444	0.727746	0.727746	0.730104	0.730604	0.859439	0.888994	0.822338	0.751766	0.74941	0.74941	0.837985	0.745503	0.918607	0.969591	0.97299	-0.287333	0.509709	0.509709	-0.377102	0.509709	-0.384777	0.908677	0.504795	0.956529	0.871298	-0.290428	-0.288939	-0.235099	0.913552	0.913552	0.913552	-0.235007	-0.23354	0.912359	0.912359	-0.233227	0.907103	0.907103	-0.233227	-0.231902	0.907103	0.907103	0.914252	0.907103	-0.233227	0.907103	-0.233227	0.90811	0.904686	0.904686	0.903679	-0.232216	0.903679	-0.232216	0.912735	0.903679	0.903679	0.902959	0.900443	0.900443	0.900443	0.903879	0.903879	0.914978	0.390269	0.43565
-0.272981	-0.233561	-0.257948	-0.291146	0.877083	0.95383	-0.346921	0.788722	0.778828	0.937475	0.934634	-0.374466	0.882917	0.958043	0.882961	1	0.792249	0.712674	0.946044	-0.251732	-0.268184	0.875772	0.919351	0.958066	0.811484	0.916406	0.958066	-0.240622	0.851414	0.912359	0.950142	0.811484	0.912359	0.827894	0.811484	0.811484	0.81555	0.816114	0.896756	0.925867	0.917804	0.838203	0.834478	0.834478	0.93417	0.830631	0.958066	0.882937	0.885822	-0.320607	0.557557	0.557557	-0.423377	0.557557	-0.413466	0.924074	0.535662	0.88488	0.896945	-0.311703	-0.309666	-0.186882	0.862159	0.862159	0.862159	-0.187409	-0.185251	0.861313	0.861313	-0.185002	0.856019	0.856019	-0.185002	-0.182399	0.856019	0.856019	0.851188	0.856019	-0.185002	0.856019	-0.185002	0.856765	0.854969	0.854969	0.854223	-0.184214	0.854223	-0.184214	0.850852	0.854223	0.854223	0.853338	0.851854	0.851854	0.851854	0.848327	0.848327	0.838691	0.388482	0.416543
-0.320635	-0.270635	-0.30368	-0.332885	0.759033	0.752406	-0.408679	0.664168	0.687482	0.821993	0.818354	-0.452469	0.700826	0.756321	0.699434	0.792249	1	0.562122	0.746654	-0.345635	-0.325168	0.687941	0.841372	0.758077	0.940538	0.844466	0.758077	-0.325707	0.674357	0.848053	0.763682	0.940538	0.848053	0.927591	0.940538	0.940538	0.938107	0.938853	0.822204	0.736737	0.855021	0.931277	0.934911	0.934911	0.834998	0.927778	0.758077	0.697211	0.69918	-0.371784	0.556199	0.556199	-0.367495	0.556199	-0.368536	0.72524	0.537638	0.698255	0.702999	-0.346246	-0.350763	-0.216917	0.678778	0.678778	0.678778	-0.218249	-0.222954	0.678068	0.678068	-0.218606	0.673315	0.673315	-0.218606	-0.226085	0.673315	0.673315	0.669924	0.673315	-0.218606	0.673315	-0.218606	0.673722	0.675176	0.675176	0.674769	-0.218145	0.674769	-0.218145	0.672183	0.674769	0.674769	0.673888	0.673229	0.673229	0.673229	0.670153	0.670153	0.66351	0.256961	0.250841
-0.251819	-0.16335	-0.236102	-0.233215	0.667853	0.738625	-0.285889	0.573302	0.566359	0.676861	0.675779	-0.272503	0.793545	0.742651	0.794246	0.712674	0.562122	1	0.730927	-0.147036	-0.15355	0.602937	0.666363	0.741369	0.588425	0.662937	0.741369	-0.256611	0.784259	0.661546	0.735811	0.588425	0.661546	0.598555	0.588425	0.588425	0.591678	0.592063	0.698032	0.718604	0.665488	0.607844	0.603965	0.603965	0.677106	0.601194	0.741369	0.769456	0.778233	-0.209553	0.409362	0.409362	-0.280469	0.409362	-0.285567	0.743687	0.403378	0.776005	0.757089	-0.216744	-0.21616	-0.160214	0.783498	0.783498	0.783498	-0.159614	-0.15904	0.779012	0.779012	-0.156955	0.770716	0.770716	-0.156955	-0.151923	0.770716	0.770716	0.775298	0.770716	-0.156955	0.770716	-0.156955	0.772207	0.769981	0.769981	0.77073	-0.157433	0.77073	-0.157433	0.778234	0.77073	0.77073	0.770744	0.77223	0.769987	0.769987	0.772238	0.772238	0.779994	0.359981	0.392916
-0.303946	-0.226407	-0.285688	-0.270228	0.832284	0.978543	-0.377848	0.758805	0.747865	0.893535	0.890898	-0.356298	0.906976	0.979379	0.907019	0.946044	0.746654	0.730927	1	-0.231394	-0.244845	0.90333	0.879205	0.988004	0.776604	0.876671	0.988004	-0.271645	0.874892	0.872429	0.980255	0.776604	0.872429	0.791922	0.776604	0.776604	0.780164	0.780712	0.923177	0.956424	0.880003	0.805629	0.802301	0.802301	0.897269	0.796345	0.988004	0.90834	0.910854	-0.314846	0.552929	0.552929	-0.416487	0.552929	-0.404658	0.952527	0.529818	0.90993	0.923339	-0.31412	-0.312241	-0.184441	0.885571	0.885571	0.885571	-0.184855	-0.182855	0.884659	0.884659	-0.18261	0.882952	0.882952	-0.18261	-0.180701	0.882952	0.882952	0.877752	0.882952	-0.18261	0.882952	-0.18261	0.883763	0.881991	0.881991	0.88118	-0.181761	0.88118	-0.181761	0.873921	0.88118	0.88118	0.880308	0.878625	0.878625	0.878625	0.874934	0.874934	0.864621	0.383314	0.444667
0.250021	0.161131	0.273896	0.24315	-0.176409	-0.236907	0.480726	-0.298158	-0.312644	-0.24676	-0.247632	0.499554	-0.224452	-0.241709	-0.224006	-0.251732	-0.345635	-0.147036	-0.231394	1	0.884604	-0.225834	-0.259349	-0.2447	-0.321832	-0.258555	-0.2447	0.459901	-0.216327	-0.263296	-0.249542	-0.321832	-0.263296	-0.309075	-0.321832	-0.321832	-0.319422	-0.320219	-0.277299	-0.253073	-0.277242	-0.322382	-0.322176	-0.322176	-0.26339	-0.30851	-0.2447	-0.224038	-0.220557	0.641634	-0.413112	-0.413112	0.513736	-0.413112	0.493323	-0.229368	-0.405627	-0.222681	-0.213781	0.623844	0.622682	0.460309	-0.205829	-0.205829	-0.205829	0.460521	0.459411	-0.207292	-0.207292	0.452784	-0.209389	-0.209389	0.452784	0.45589	-0.209389	-0.209389	-0.207911	-0.209389	0.452784	-0.209389	0.452784	-0.208335	-0.209029	-0.209029	-0.208282	0.452171	-0.208282	0.452171	-0.206486	-0.208282	-0.208282	-0.206838	-0.208238	-0.208238	-0.208238	-0.211161	-0.211161	-0.20486	-0.138474	-0.0240176
0.20902	0.174739	0.229151	0.20476	-0.188849	-0.24952	0.417965	-0.276261	-0.290059	-0.257036	-0.258141	0.442835	-0.239914	-0.255618	-0.239438	-0.268184	-0.325168	-0.15355	-0.244845	0.884604	1	-0.241161	-0.264187	-0.256784	-0.295551	-0.263745	-0.256784	0.400764	-0.233063	-0.267198	-0.260474	-0.295551	-0.267198	-0.281283	-0.295551	-0.295551	-0.292496	-0.293173	-0.288506	-0.221394	-0.281134	-0.295418	-0.295863	-0.295863	-0.26801	-0.282542	-0.256784	-0.238224	-0.234164	0.684445	-0.47108	-0.47108	0.577095	-0.47108	0.557124	-0.243007	-0.4672	-0.234503	-0.226016	0.656294	0.648921	0.474995	-0.220157	-0.220157	-0.220157	0.474752	0.467141	-0.221504	-0.221504	0.473596	-0.223494	-0.223494	0.473596	0.472667	-0.223494	-0.223494	-0.221755	-0.223494	0.473596	-0.223494	0.473596	-0.222583	-0.223301	-0.223301	-0.222515	0.472949	-0.222515	0.472949	-0.220642	-0.222515	-0.222515	-0.221186	-0.222276	-0.222276	-0.222276	-0.224966	-0.224966	-0.218346	-0.167788	-0.0213358
-0.274311	-0.203541	-0.26372	-0.242961	0.766825	0.904867	-0.349373	0.707055	0.69728	0.831072	0.827125	-0.327759	0.819089	0.909079	0.817462	0.875772	0.687941	0.602937	0.90333	-0.225834	-0.241161	1	0.814554	0.914908	0.714663	0.811233	0.914908	-0.235673	0.793373	0.808342	0.907792	0.714663	0.808342	0.728914	0.714663	0.714663	0.718609	0.719111	0.852229	0.887171	0.811825	0.738369	0.736059	0.736059	0.82742	0.73395	0.914908	0.821662	0.830295	-0.282651	0.500403	0.500403	-0.384878	0.500403	-0.367867	0.884327	0.478344	0.833647	0.848405	-0.285744	-0.282686	-0.158225	0.805434	0.805434	0.805434	-0.158402	-0.155156	0.802031	0.802031	-0.154948	0.797476	0.797476	-0.154948	-0.153183	0.797476	0.797476	0.789996	0.797476	-0.154948	0.797476	-0.154948	0.798511	0.797514	0.797514	0.79648	-0.153927	0.79648	-0.153927	0.791061	0.79648	0.79648	0.795992	0.792952	0.792952	0.792952	0.788061	0.788061	0.774387	0.344164	0.438827
-0.236532	-0.198872	-0.214008	-0.26011	0.83719	0.883974	-0.312796	0.732162	0.752324	0.884475	0.881451	-0.346684	0.823112	0.884818	0.823208	0.919351	0.841372	0.666363	0.879205	-0.259349	-0.264187	0.814554	1	0.892972	0.889526	0.996264	0.892972	-0.216526	0.795441	0.992497	0.884629	0.889526	0.992497	0.906822	0.889526	0.889526	0.894621	0.895224	0.94324	0.85944	0.983262	0.872946	0.868538	0.868538	0.967376	0.879065	0.892972	0.822777	0.82461	-0.327665	0.505898	0.505898	-0.343397	0.505898	-0.338187	0.859482	0.48583	0.823678	0.835531	-0.318298	-0.324118	-0.191188	0.803601	0.803601	0.803601	-0.191949	-0.198001	0.802815	0.802815	-0.189199	0.796003	0.796003	-0.189199	-0.195221	0.796003	0.796003	0.791668	0.796003	-0.189199	0.796003	-0.189199	0.796641	0.794861	0.794861	0.794222	-0.188514	0.794222	-0.188514	0.792844	0.794222	0.794222	0.793344	0.792127	0.792127	0.792127	0.788781	0.788781	0.780144	0.333644	0.365591
-0.308137	-0.2202	-0.289552	-0.276086	0.842693	0.987072	-0.383844	0.768666	0.757866	0.905774	0.903147	-0.362717	0.918582	0.991367	0.918607	0.958066	0.758077	0.741369	0.988004	-0.2447	-0.256784	0.914908	0.892972	1	0.789153	0.890421	1	-0.276803	0.886248	0.886259	0.992296	0.789153	0.886259	0.804365	0.789153	0.789153	0.792688	0.793229	0.935407	0.968507	0.892261	0.816602	0.813298	0.813298	0.909451	0.80886	1	0.920033	0.922502	-0.307937	0.54396	0.54396	-0.409401	0.54396	-0.39726	0.96441	0.520634	0.921564	0.935027	-0.308601	-0.306754	-0.179213	0.896998	0.896998	0.896998	-0.179619	-0.177648	0.896093	0.896093	-0.17741	0.890693	0.890693	-0.17741	-0.175625	0.890693	0.890693	0.885463	0.890693	-0.17741	0.890693	-0.17741	0.891514	0.889733	0.889733	0.888912	-0.17655	0.888912	-0.17655	0.88529	0.888912	0.888912	0.888035	0.886337	0.886337	0.886337	0.88264	0.88264	0.872251	0.391331	0.457058
-0.280997	-0.25554	-0.26141	-0.30443	0.720222	0.778983	-0.377911	0.625369	0.648224	0.767854	0.770368	-0.42445	0.729194	0.779828	0.727746	0.811484	0.940538	0.588425	0.776604	-0.321832	-0.295551	0.714663	0.889526	0.789153	1	0.892636	0.789153	-0.296394	0.702959	0.896703	0.795194	1	0.896703	0.980698	1	1	0.993284	0.992616	0.853355	0.769381	0.887762	0.970754	0.976005	0.976005	0.868337	0.983964	0.789153	0.725089	0.726595	-0.343539	0.533269	0.533269	-0.3513	0.533269	-0.348841	0.754495	0.512686	0.725667	0.731105	-0.338305	-0.343078	-0.200482	0.703526	0.703526	0.703526	-0.201668	-0.206618	0.704445	0.704445	-0.202309	0.69803	0.69803	-0.202309	-0.212057	0.69803	0.69803	0.694503	0.69803	-0.202309	0.69803	-0.202309	0.698487	0.699933	0.699933	0.699476	-0.201799	0.699476	-0.201799	0.69847	0.699476	0.699476	0.698597	0.69784	0.69784	0.69784	0.694779	0.694779	0.687806	0.279581	0.289245
-0.231693	-0.200468	-0.208114	-0.261617	0.834199	0.881458	-0.308354	0.728613	0.748591	0.881391	0.878359	-0.341807	0.821481	0.882306	0.819849	0.916406	0.844466	0.662937	0.876671	-0.258555	-0.263745	0.811233	0.996264	0.890421	0.892636	1	0.890421	-0.211538	0.790647	0.988747	0.882069	0.892636	0.988747	0.910036	0.892636	0.892636	0.897782	0.898386	0.940049	0.856839	0.979619	0.8765	0.872051	0.872051	0.963909	0.882395	0.890421	0.820945	0.821133	-0.326667	0.500662	0.500662	-0.336701	0.500662	-0.331792	0.855549	0.480742	0.820199	0.83187	-0.317376	-0.323146	-0.190302	0.800338	0.800338	0.800338	-0.191077	-0.197075	0.799561	0.799561	-0.188313	0.792766	0.792766	-0.188313	-0.194214	0.792766	0.792766	0.788486	0.792766	-0.188313	0.792766	-0.188313	0.793397	0.794997	0.794997	0.794367	-0.187635	0.794367	-0.187635	0.793042	0.794367	0.794367	0.79348	0.792307	0.792307	0.792307	0.789004	0.789004	0.780492	0.33578	0.366085
-0.308137	-0.2202	-0.289552	-0.276086	0.842693	0.987072	-0.383844	0.768666	0.757866	0.905774	0.903147	-0.362717	0.918582	0.991367	0.918607	0.958066	0.758077	0.741369	0.988004	-0.2447	-0.256784	0.914908	0.892972	1	0.789153	0.890421	1	-0.276803	0.886248	0.886259	0.992296	0.789153	0.886259	0.804365	0.789153	0.789153	0.792688	0.793229	0.935407	0.968507	0.892261	0.816602	0.813298	0.813298	0.909451	0.80886	1	0.920033	0.922502	-0.307937	0.54396	0.54396	-0.409401	0.54396	-0.39726	0.96441	0.520634	0.921564	0.935027	-0.308601	-0.306754	-0.179213	0.896998	0.896998	0.896998	-0.179619	-0.177648	0.896093	0.896093	-0.17741	0.890693	0.890693	-0.17741	-0.175625	0.890693	0.890693	0.885463	0.890693	-0.17741	0.890693	-0.17741	0.891514	0.889733	0.889733	0.888912	-0.17655	0.888912	-0.17655	0.88529	0.888912	0.888912	0.888035	0.886337	0.886337	0.886337	0.88264	0.88264	0.872251	0.391331	0.457058
0.770259	0.58075	0.770378	0.741719	-0.215959	-0.264228	0.92947	-0.200425	-0.222211	-0.261348	-0.259472	0.907795	-0.330272	-0.267535	-0.332598	-0.240622	-0.325707	-0.256611	-0.271645	0.459901	0.400764	-0.235673	-0.216526	-0.276803	-0.296394	-0.211538	-0.276803	1	-0.343694	-0.209767	-0.27066	-0.296394	-0.209767	-0.28567	-0.296394	-0.296394	-0.302799	-0.30402	-0.252715	-0.281414	-0.215293	-0.290796	-0.283339	-0.283339	-0.193101	-0.277417	-0.276803	-0.306356	-0.310906	0.563079	-0.538803	-0.538803	0.432011	-0.538803	0.44327	-0.258253	-0.530387	-0.299943	-0.248212	0.572919	0.576979	0.512179	-0.295606	-0.295606	-0.295606	0.509261	0.513763	-0.296295	-0.296295	0.50572	-0.29288	-0.29288	0.50572	0.503093	-0.29288	-0.29288	-0.289333	-0.29288	0.50572	-0.29288	0.50572	-0.292772	-0.28997	-0.28997	-0.290076	0.505809	-0.290076	0.505809	-0.286293	-0.290076	-0.290076	-0.289416	-0.288018	-0.288018	-0.288018	-0.292302	-0.292302	-0.290697	-0.110584	-0.0109757
-0.276661	-0.201406	-0.263076	-0.241669	0.748261	0.881708	-0.339975	0.680877	0.671609	0.81587	0.813862	-0.324759	0.965437	0.885888	0.965545	0.851414	0.674357	0.784259	0.874892	-0.216327	-0.233063	0.793373	0.795441	0.886248	0.702959	0.790647	0.886248	-0.343694	1	0.789485	0.879413	0.702959	0.789485	0.714562	0.702959	0.702959	0.704834	0.705314	0.828425	0.858225	0.793921	0.724871	0.722909	0.722909	0.808843	0.719831	0.886248	0.934875	0.945654	-0.284698	0.503638	0.503638	-0.371855	0.503638	-0.37805	0.886295	0.501186	0.932979	0.846	-0.287573	-0.286253	-0.23525	0.889755	0.889755	0.889755	-0.236691	-0.235406	0.888398	0.888398	-0.233426	0.883394	0.883394	-0.233426	-0.23282	0.883394	0.883394	0.890106	0.883394	-0.233426	0.883394	-0.233426	0.884476	0.881254	0.881254	0.882162	-0.234022	0.882162	-0.234022	0.890953	0.882162	0.882162	0.881558	0.884602	0.882607	0.882607	0.885865	0.885865	0.896429	0.395234	0.428839
-0.227614	-0.199372	-0.205438	-0.250821	0.829681	0.877251	-0.305386	0.738765	0.75875	0.877006	0.873955	-0.351951	0.816888	0.878093	0.816997	0.912359	0.848053	0.661546	0.872429	-0.263296	-0.267198	0.808342	0.992497	0.886259	0.896703	0.988747	0.886259	-0.209767	0.789485	1	0.892338	0.896703	1	0.914313	0.896703	0.896703	0.901918	0.902529	0.950096	0.868367	0.990971	0.880696	0.876189	0.876189	0.975323	0.886524	0.886259	0.816365	0.818278	-0.316376	0.497258	0.497258	-0.3317	0.497258	-0.327063	0.852834	0.477297	0.817348	0.829092	-0.307072	-0.312828	-0.179725	0.797468	0.797468	0.797468	-0.180562	-0.186538	0.796679	0.796679	-0.177751	0.789884	0.789884	-0.177751	-0.183521	0.789884	0.789884	0.785568	0.789884	-0.177751	0.789884	-0.177751	0.790513	0.788739	0.788739	0.788108	-0.177074	0.788108	-0.177074	0.786731	0.788108	0.788108	0.787234	0.786029	0.786029	0.786029	0.782677	0.782677	0.774093	0.331573	0.360195
-0.299902	-0.221205	-0.281671	-0.267529	0.834416	0.979375	-0.376951	0.77419	0.763233	0.897456	0.894807	-0.368026	0.91145	0.983661	0.911487	0.950142	0.763682	0.735811	0.980255	-0.249542	-0.260474	0.907792	0.884629	0.992296	0.795194	0.882069	0.992296	-0.27066	0.879413	0.892338	1	0.795194	0.892338	0.81069	0.795194	0.795194	0.79884	0.799388	0.94232	0.977562	0.898531	0.823165	0.81977	0.81977	0.91593	0.81515	0.992296	0.912719	0.91526	-0.29743	0.535265	0.535265	-0.398087	0.535265	-0.386508	0.956813	0.512073	0.914327	0.927667	-0.298155	-0.296249	-0.16889	0.889979	0.889979	0.889979	-0.169364	-0.167325	0.889073	0.889073	-0.167101	0.883697	0.883697	-0.167101	-0.165081	0.883697	0.883697	0.878491	0.883697	-0.167101	0.883697	-0.167101	0.884508	0.882734	0.882734	0.881923	-0.16625	0.881923	-0.16625	0.878306	0.881923	0.881923	0.88105	0.879366	0.879366	0.879366	0.875668	0.875668	0.865344	0.388421	0.450269
-0.280997	-0.25554	-0.26141	-0.30443	0.720222	0.778983	-0.377911	0.625369	0.648224	0.767854	0.770368	-0.42445	0.729194	0.779828	0.727746	0.811484	0.940538	0.588425	0.776604	-0.321832	-0.295551	0.714663	0.889526	0.789153	1	0.892636	0.789153	-0.296394	0.702959	0.896703	0.795194	1	0.896703	0.980698	1	1	0.993284	0.992616	0.853355	0.769381	0.887762	0.970754	0.976005	0.976005	0.868337	0.983964	0.789153	0.725089	0.726595	-0.343539	0.533269	0.533269	-0.3513	0.533269	-0.348841	0.754495	0.512686	0.725667	0.731105	-0.338305	-0.343078	-0.200482	0.703526	0.703526	0.703526	-0.201668	-0.206618	0.704445	0.704445	-0.202309	0.69803	0.69803	-0.202309	-0.212057	0.69803	0.69803	0.694503	0.69803	-0.202309	0.69803	-0.202309	0.698487	0.699933	0.699933	0.699476	-0.201799	0.699476	-0.201799	0.69847	0.699476	0.699476	0.698597	0.69784	0.69784	0.69784	0.694779	0.694779	0.687806	0.279581	0.289245
-0.227614	-0.199372	-0.205438	-0.250821	0.829681	0.877251	-0.305386	0.738765	0.75875	0.877006	0.873955	-0.351951	0.816888	0.878093	0.816997	0.912359	0.848053	0.661546	0.872429	-0.263296	-0.267198	0.808342	0.992497	0.886259	0.896703	0.988747	0.886259	-0.209767	0.789485	1	0.892338	0.896703	1	0.914313	0.896703	0.896703	0.901918	0.902529	0.950096	0.868367	0.990971	0.880696	0.876189	0.876189	0.975323	0.886524	0.886259	0.816365	0.818278	-0.316376	0.497258	0.497258	-0.3317	0.497258	-0.327063	0.852834	0.477297	0.817348	0.829092	-0.307072	-0.312828	-0.179725	0.797468	0.797468	0.797468	-0.180562	-0.186538	0.796679	0.796679	-0.177751	0.789884	0.789884	-0.177751	-0.183521	0.789884	0.789884	0.785568	0.789884	-0.177751	0.789884	-0.177751	0.790513	0.788739	0.788739	0.788108	-0.177074	0.788108	-0.177074	0.786731	0.788108	0.788108	0.787234	0.786029	0.786029	0.786029	0.782677	0.782677	0.774093	0.331573	0.360195
-0.275187	-0.248187	-0.255936	-0.301224	0.737685	0.794148	-0.369115	0.645456	0.667664	0.785372	0.782107	-0.41243	0.741918	0.794989	0.740444	0.827894	0.927591	0.598555	0.791922	-0.309075	-0.281283	0.728914	0.906822	0.804365	0.980698	0.910036	0.804365	-0.28567	0.714562	0.914313	0.81069	0.980698	0.914313	1	0.980698	0.980698	0.987208	0.987876	0.869394	0.785306	0.905126	0.966173	0.960619	0.960619	0.886516	0.969182	0.804365	0.73851	0.739766	-0.337731	0.518331	0.518331	-0.341906	0.518331	-0.339636	0.769152	0.498454	0.738844	0.746424	-0.332267	-0.337205	-0.197488	0.719185	0.719185	0.719185	-0.198599	-0.203725	0.718469	0.718469	-0.195328	0.71201	0.71201	-0.195328	-0.198812	0.71201	0.71201	0.708345	0.71201	-0.195328	0.71201	-0.195328	0.712497	0.713973	0.713973	0.713486	-0.194789	0.713486	-0.194789	0.712416	0.713486	0.713486	0.712611	0.711774	0.711774	0.711774	0.70867	0.70867	0.701426	0.283946	0.301952
-0.280997	-0.25554	-0.26141	-0.30443	0.720222	0.778983	-0.377911	0.625369	0.648224	0.767854	0.770368	-0.42445	0.729194	0.779828	0.727746	0.811484	0.940538	0.588425	0.776604	-0.321832	-0.295551	0.714663	0.889526	0.789153	1	0.892636	0.789153	-0.296394	0.702959	0.896703	0.795194	1	0.896703	0.980698	1	1	0.993284	0.992616	0.853355	0.769381	0.887762	0.970754	0.976005	0.976005	0.868337	0.983964	0.789153	0.725089	0.726595	-0.343539	0.533269	0.533269	-0.3513	0.533269	-0.348841	0.754495	0.512686	0.725667	0.731105	-0.338305	-0.343078	-0.200482	0.703526	0.703526	0.703526	-0.201668	-0.206618	0.704445	0.704445	-0.202309	0.69803	0.69803	-0.202309	-0.212057	0.69803	0.69803	0.694503	0.69803	-0.202309	0.69803	-0.202309	0.698487	0.699933	0.699933	0.699476	-0.201799	0.699476	-0.201799	0.69847	0.699476	0.699476	0.698597	0.69784	0.69784	0.69784	0.694779	0.694779	0.687806	0.279581	0.289245
-0.280997	-0.25554	-0.26141	-0.30443	0.720222	0.778983	-0.377911	0.625369	0.648224	0.767854	0.770368	-0.42445	0.729194	0.779828	0.727746	0.811484	0.940538	0.588425	0.776604	-0.321832	-0.295551	0.714663	0.889526	0.789153	1	0.892636	0.789153	-0.296394	0.702959	0.896703	0.795194	1	0.896703	0.980698	1	1	0.993284	0.992616	0.853355	0.769381	0.887762	0.970754	0.976005	0.976005	0.868337	0.983964	0.789153	0.725089	0.726595	-0.343539	0.533269	0.533269	-0.3513	0.533269	-0.348841	0.754495	0.512686	0.725667	0.731105	-0.338305	-0.343078	-0.200482	0.703526	0.703526	0.703526	-0.201668	-0.206618	0.704445	0.704445	-0.202309	0.69803	0.69803	-0.202309	-0.212057	0.69803	0.69803	0.694503	0.69803	-0.202309	0.69803	-0.202309	0.698487	0.699933	0.699933	0.699476	-0.201799	0.699476	-0.201799	0.69847	0.699476	0.699476	0.698597	0.69784	0.69784	0.69784	0.694779	0.694779	0.687806	0.279581	0.289245
-0.289352	-0.254699	-0.26936	-0.31324	0.724602	0.782486	-0.385256	0.629792	0.652921	0.772267	0.770427	-0.428753	0.731556	0.783325	0.730104	0.81555	0.938107	0.591678	0.780164	-0.319422	-0.292496	0.718609	0.894621	0.792688	0.993284	0.897782	0.792688	-0.302799	0.704834	0.901918	0.79884	0.993284	0.901918	0.987208	0.993284	0.993284	1	0.999321	0.857866	0.773171	0.89285	0.977135	0.9728	0.9728	0.87316	0.980974	0.792688	0.727751	0.72916	-0.350509	0.53598	0.53598	-0.354846	0.53598	-0.35321	0.757746	0.516473	0.728239	0.735525	-0.345192	-0.350039	-0.209483	0.709024	0.709024	0.709024	-0.210611	-0.215648	0.708312	0.708312	-0.20726	0.701884	0.701884	-0.20726	-0.211821	0.701884	0.701884	0.698289	0.701884	-0.20726	0.701884	-0.20726	0.702353	0.703821	0.703821	0.703352	-0.20674	0.703352	-0.20674	0.702308	0.703352	0.703352	0.702477	0.701682	0.701682	0.701682	0.698592	0.698592	0.691497	0.273809	0.288997
-0.290798	-0.255333	-0.270771	-0.314715	0.725226	0.783029	-0.386537	0.63057	0.653715	0.772882	0.769578	-0.428828	0.732058	0.783868	0.730604	0.816114	0.938853	0.592063	0.780712	-0.320219	-0.293173	0.719111	0.895224	0.793229	0.992616	0.898386	0.793229	-0.30402	0.705314	0.902529	0.799388	0.992616	0.902529	0.987876	0.992616	0.992616	0.999321	1	0.858454	0.77374	0.89346	0.977804	0.972093	0.972093	0.873758	0.980283	0.793229	0.728271	0.729672	-0.350891	0.536991	0.536991	-0.355011	0.536991	-0.353331	0.758285	0.517476	0.728751	0.736047	-0.345568	-0.35042	-0.210003	0.70952	0.70952	0.70952	-0.211125	-0.216168	0.708808	0.708808	-0.207781	0.70238	0.70238	-0.207781	-0.211005	0.70238	0.70238	0.698783	0.70238	-0.207781	0.70238	-0.207781	0.702849	0.704316	0.704316	0.703846	-0.20726	0.703846	-0.20726	0.702803	0.703846	0.703846	0.702972	0.702175	0.702175	0.702175	0.699086	0.699086	0.691987	0.273591	0.287239
-0.272617	-0.183294	-0.247356	-0.234039	0.7827	0.922732	-0.3537	0.717887	0.738375	0.843347	0.840541	-0.345202	0.859344	0.926925	0.859439	0.896756	0.822204	0.698032	0.923177	-0.277299	-0.288506	0.852229	0.94324	0.935407	0.853355	0.940049	0.935407	-0.252715	0.828425	0.950096	0.94232	0.853355	0.950096	0.869394	0.853355	0.853355	0.857866	0.858454	1	0.918955	0.957925	0.851891	0.847896	0.847896	0.941541	0.84209	0.935407	0.860715	0.862049	-0.333477	0.493842	0.493842	-0.345859	0.493842	-0.338153	0.899752	0.472085	0.86113	0.873051	-0.311994	-0.311215	-0.178932	0.838882	0.838882	0.838882	-0.179598	-0.178739	0.838009	0.838009	-0.177018	0.832798	0.832798	-0.177018	-0.175279	0.832798	0.832798	0.827956	0.832798	-0.177018	0.832798	-0.177018	0.833522	0.831769	0.831769	0.831045	-0.176252	0.831045	-0.176252	0.827617	0.831045	0.831045	0.830181	0.828697	0.828697	0.828697	0.825111	0.825111	0.815549	0.343798	0.393181
-0.302305	-0.217311	-0.283732	-0.269163	0.809925	0.955728	-0.38634	0.751723	0.740358	0.872418	0.869715	-0.377409	0.888936	0.959968	0.888994	0.925867	0.736737	0.718604	0.956424	-0.253073	-0.221394	0.887171	0.85944	0.968507	0.769381	0.856839	0.968507	-0.281414	0.858225	0.868367	0.977562	0.769381	0.868367	0.785306	0.769381	0.769381	0.773171	0.77374	0.918955	1	0.874656	0.797763	0.794254	0.794254	0.892344	0.78955	0.968507	0.893077	0.895857	-0.286456	0.504429	0.504429	-0.367966	0.504429	-0.356659	0.935511	0.481852	0.894922	0.907536	-0.287363	-0.285327	-0.169808	0.87154	0.87154	0.87154	-0.170366	-0.168208	0.870661	0.870661	-0.167982	0.865337	0.865337	-0.167982	-0.165469	0.865337	0.865337	0.860333	0.865337	-0.167982	0.865337	-0.167982	0.866109	0.864327	0.864327	0.863555	-0.167168	0.863555	-0.167168	0.860061	0.863555	0.863555	0.862678	0.861104	0.861104	0.861104	0.857486	0.857486	0.847548	0.390219	0.453616
-0.231758	-0.193613	-0.208938	-0.24494	0.819889	0.87989	-0.307453	0.745875	0.76633	0.882774	0.879742	-0.359272	0.822219	0.883987	0.822338	0.917804	0.855021	0.665488	0.880003	-0.277242	-0.281134	0.811825	0.983262	0.892261	0.887762	0.979619	0.892261	-0.215293	0.793921	0.990971	0.898531	0.887762	0.990971	0.905126	0.887762	0.887762	0.89285	0.89346	0.957925	0.874656	1	0.888338	0.883875	0.883875	0.9839	0.877011	0.892261	0.822175	0.823963	-0.328473	0.503468	0.503468	-0.341203	0.503468	-0.335915	0.858179	0.483098	0.823045	0.833646	-0.303808	-0.309689	-0.174485	0.802587	0.802587	0.802587	-0.175315	-0.181416	0.801765	0.801765	-0.172531	0.796671	0.796671	-0.172531	-0.17856	0.796671	0.796671	0.792202	0.796671	-0.172531	0.796671	-0.172531	0.797323	0.795564	0.795564	0.794913	-0.171834	0.794913	-0.171834	0.791714	0.794913	0.794913	0.794046	0.792761	0.792761	0.792761	0.789329	0.789329	0.780484	0.34143	0.355191
-0.279105	-0.245052	-0.262969	-0.29972	0.733052	0.803108	-0.371324	0.656944	0.652295	0.795837	0.792578	-0.419986	0.753262	0.807068	0.751766	0.838203	0.931277	0.607844	0.805629	-0.322382	-0.295418	0.738369	0.872946	0.816602	0.970754	0.8765	0.816602	-0.290796	0.724871	0.880696	0.823165	0.970754	0.880696	0.966173	0.970754	0.970754	0.977135	0.977804	0.851891	0.797763	0.888338	1	0.9944	0.9944	0.898691	0.98635	0.816602	0.750281	0.751401	-0.349863	0.553908	0.553908	-0.379676	0.553908	-0.376361	0.780568	0.53359	0.75048	0.756953	-0.329718	-0.333484	-0.192567	0.730131	0.730131	0.730131	-0.193673	-0.197568	0.729385	0.729385	-0.190421	0.724509	0.724509	-0.190421	-0.192807	0.724509	0.724509	0.720695	0.724509	-0.190421	0.724509	-0.190421	0.72502	0.726548	0.726548	0.726037	-0.189858	0.726037	-0.189858	0.723236	0.726037	0.726037	0.725162	0.724253	0.724253	0.724253	0.721069	0.721069	0.713553	0.301419	0.300744
-0.269984	-0.247501	-0.254179	-0.290248	0.729132	0.799842	-0.36307	0.651853	0.647071	0.791831	0.790046	-0.412402	0.750901	0.803795	0.74941	0.834478	0.934911	0.603965	0.802301	-0.322176	-0.295863	0.736059	0.868538	0.813298	0.976005	0.872051	0.813298	-0.283339	0.722909	0.876189	0.81977	0.976005	0.876189	0.960619	0.976005	0.976005	0.9728	0.972093	0.847896	0.794254	0.883875	0.9944	1	1	0.894343	0.991795	0.813298	0.747681	0.748879	-0.341275	0.548486	0.548486	-0.37276	0.548486	-0.36986	0.777496	0.52833	0.747953	0.752606	-0.321247	-0.324952	-0.183343	0.72621	0.72621	0.72621	-0.184503	-0.188327	0.725472	0.725472	-0.185331	0.720604	0.720604	-0.185331	-0.194435	0.720604	0.720604	0.716842	0.720604	-0.185331	0.720604	-0.185331	0.721106	0.722619	0.722619	0.722118	-0.184777	0.722118	-0.184777	0.719348	0.722118	0.722118	0.72124	0.72036	0.72036	0.72036	0.717197	0.717197	0.709777	0.308356	0.300363
