1	0.943601	0.943601	0.943601	0.0119521	0.00977895	0.0066247	0.0066247	0.901917	-0.070827	-0.070827	-0.070827	0.870056	-0.0702859	0.88033	-0.0583955	-0.0686541	0.86667	-0.00834218	0.013715	0.0221288	0.0221288	0.0221288	-0.00826064	0.499091	0.0221288	-0.0463579	0.185118	0.0221288	0.00933571	-0.0199809	-0.0463579	0.0207069	0.18554	0.0221288	0.192142	0.193138	0.0221288	0.175054	0.00352358	-0.0463579	0.173878	-0.0153031	-0.0153031	-0.0153031	0.0221288	-0.0463579	-0.0463579	-0.0132959	0.0221288	0.0221288	-0.0471309	-0.0463579	0.0264946	0.0264946	0.0264946	0.0264946	-0.0471309	0.0264946	-0.0471309	-0.0471309	-0.0471309	-0.0471309	-0.0471309	-0.0471309	0.200403	0.176034	-0.048646	-0.00949658	-0.0478934	0.0264946	-0.0478934	0.146841	0.0108449	0.0181252
0.943601	1	1	1	0.00364921	0.00145032	-0.00174501	-0.00174501	0.943351	-0.0800675	-0.0800675	-0.0800675	0.909954	-0.0795007	0.920723	-0.0622189	-0.0777923	0.908797	-0.0144516	0.0601987	0.0162126	0.0162126	0.0162126	-0.0268394	0.469166	0.0162126	-0.0493932	0.1534	0.0162126	0.0517413	-0.0263136	-0.0493932	0.0624043	0.153856	0.0162126	0.16015	0.161084	0.0162126	0.142975	-0.0155132	-0.0493932	0.141689	-0.0342651	-0.0342651	-0.0342651	0.0162126	-0.0493932	-0.0493932	-0.0321468	0.0162126	0.0162126	-0.0502168	-0.0493932	0.0205607	0.0205607	0.0205607	0.0205607	-0.0502168	0.0205607	-0.0502168	-0.0502168	-0.0502168	-0.0502168	-0.0502168	-0.0502168	0.203063	0.17143	-0.0518311	-0.0156245	-0.0510292	0.0205607	-0.0510292	0.110831	-0.0140458	0.0122155
0.943601	1	1	1	0.00364921	0.00145032	-0.00174501	-0.00174501	0.943351	-0.0800675	-0.0800675	-0.0800675	0.909954	-0.0795007	0.920723	-0.0622189	-0.0777923	0.908797	-0.0144516	0.0601987	0.0162126	0.0162126	0.0162126	-0.0268394	0.469166	0.0162126	-0.0493932	0.1534	0.0162126	0.0517413	-0.0263136	-0.0493932	0.0624043	0.153856	0.0162126	0.16015	0.161084	0.0162126	0.142975	-0.0155132	-0.0493932	0.141689	-0.0342651	-0.0342651	-0.0342651	0.0162126	-0.0493932	-0.0493932	-0.0321468	0.0162126	0.0162126	-0.0502168	-0.0493932	0.0205607	0.0205607	0.0205607	0.0205607	-0.0502168	0.0205607	-0.0502168	-0.0502168	-0.0502168	-0.0502168	-0.0502168	-0.0502168	0.203063	0.17143	-0.0518311	-0.0156245	-0.0510292	0.0205607	-0.0510292	0.110831	-0.0140458	0.0122155
0.943601	1	1	1	0.00364921	0.00145032	-0.00174501	-0.00174501	0.943351	-0.0800675	-0.0800675	-0.0800675	0.909954	-0.0795007	0.920723	-0.0622189	-0.0777923	0.908797	-0.0144516	0.0601987	0.0162126	0.0162126	0.0162126	-0.0268394	0.469166	0.0162126	-0.0493932	0.1534	0.0162126	0.0517413	-0.0263136	-0.0493932	0.0624043	0.153856	0.0162126	0.16015	0.161084	0.0162126	0.142975	-0.0155132	-0.0493932	0.141689	-0.0342651	-0.0342651	-0.0342651	0.0162126	-0.0493932	-0.0493932	-0.0321468	0.0162126	0.0162126	-0.0502168	-0.0493932	0.0205607	0.0205607	0.0205607	0.0205607	-0.0502168	0.0205607	-0.0502168	-0.0502168	-0.0502168	-0.0502168	-0.0502168	-0.0502168	0.203063	0.17143	-0.0518311	-0.0156245	-0.0510292	0.0205607	-0.0510292	0.110831	-0.0140458	0.0122155
0.0119521	0.00364921	0.00364921	0.00364921	1	0.984607	0.962666	0.962666	0.00873118	-0.119247	-0.119247	-0.119247	0.0227829	-0.118622	0.0246109	-0.0741911	-0.116741	0.0264808	-0.0716286	0.0392649	0.227621	0.227621	0.227621	0.150473	0.0237639	0.227621	-0.0588975	0.10588	0.227621	0.12331	0.110716	-0.0588975	0.122333	0.106435	0.227621	0.104694	0.105562	0.227621	0.0862128	0.146027	-0.0588975	0.0846158	0.140831	0.140831	0.140831	0.227621	-0.0588975	-0.0588975	0.143563	0.227621	0.227621	-0.0598796	-0.0588975	0.214856	0.214856	0.214856	0.214856	-0.0598796	0.214856	-0.0598796	-0.0598796	-0.0598796	-0.0598796	-0.0598796	-0.0598796	0.159596	0.0860899	-0.0618045	0.308539	-0.0608483	0.214856	-0.0608483	-0.089392	0.0834074	0.166151
0.00977895	0.00145032	0.00145032	0.00145032	0.984607	1	0.977708	0.977708	0.00649526	-0.121985	-0.121985	-0.121985	0.0202895	-0.12135	0.0221195	-0.075493	-0.11944	0.0239912	-0.0728855	0.0343906	0.223101	0.223101	0.223101	0.157616	0.0218589	0.223101	-0.059931	0.11067	0.223101	0.116983	0.106851	-0.059931	0.116	0.111234	0.223101	0.109446	0.110337	0.223101	0.0905728	0.153354	-0.059931	0.0889499	0.147785	0.147785	0.147785	0.223101	-0.059931	-0.059931	0.15057	0.223101	0.223101	-0.0609303	-0.059931	0.210568	0.210568	0.210568	0.210568	-0.0609303	0.210568	-0.0609303	-0.0609303	-0.0609303	-0.0609303	-0.0609303	-0.0609303	0.161797	0.086404	-0.062889	0.30238	-0.0619161	0.210568	-0.0619161	-0.0873495	0.0905809	0.162355
0.0066247	-0.00174501	-0.00174501	-0.00174501	0.962666	0.977708	1	1	0.00324832	-0.126017	-0.126017	-0.126017	0.0166743	-0.125368	0.0185081	-0.0774184	-0.123416	0.0203833	-0.0747443	0.027321	0.21663	0.21663	0.21663	0.145389	0.0190996	0.21663	-0.0614594	0.0976391	0.21663	0.107837	0.101279	-0.0614594	0.106847	0.0982198	0.21663	0.0964765	0.0973451	0.21663	0.0774869	0.141273	-0.0614594	0.075811	0.135378	0.135378	0.135378	0.21663	-0.0614594	-0.0614594	0.138216	0.21663	0.21663	-0.0624842	-0.0614594	0.204426	0.204426	0.204426	0.204426	-0.0624842	0.204426	-0.0624842	-0.0624842	-0.0624842	-0.0624842	-0.0624842	-0.0624842	0.145938	0.0805364	-0.0644929	0.293561	-0.0634952	0.204426	-0.0634952	-0.0908189	0.0794361	0.156908
0.0066247	-0.00174501	-0.00174501	-0.00174501	0.962666	0.977708	1	1	0.00324832	-0.126017	-0.126017	-0.126017	0.0166743	-0.125368	0.0185081	-0.0774184	-0.123416	0.0203833	-0.0747443	0.027321	0.21663	0.21663	0.21663	0.145389	0.0190996	0.21663	-0.0614594	0.0976391	0.21663	0.107837	0.101279	-0.0614594	0.106847	0.0982198	0.21663	0.0964765	0.0973451	0.21663	0.0774869	0.141273	-0.0614594	0.075811	0.135378	0.135378	0.135378	0.21663	-0.0614594	-0.0614594	0.138216	0.21663	0.21663	-0.0624842	-0.0614594	0.204426	0.204426	0.204426	0.204426	-0.0624842	0.204426	-0.0624842	-0.0624842	-0.0624842	-0.0624842	-0.0624842	-0.0624842	0.145938	0.0805364	-0.0644929	0.293561	-0.0634952	0.204426	-0.0634952	-0.0908189	0.0794361	0.156908
0.901917	0.943351	0.943351	0.943351	0.00873118	0.00649526	0.00324832	0.00324832	1	-0.076421	-0.076421	-0.076421	0.964888	-0.0758561	0.976209	-0.0614048	-0.074153	0.963569	-0.0111215	0.0591343	0.0201588	0.0201588	0.0201588	-0.0260639	0.530254	0.0201588	-0.0487469	0.158893	0.0201588	0.0515887	-0.0231325	-0.0487469	0.0628968	0.159342	0.0201588	0.16607	0.167015	0.0201588	0.148935	-0.0240557	-0.0487469	0.147672	-0.0431122	-0.0431122	-0.0431122	0.0201588	-0.0487469	-0.0487469	-0.0410321	0.0201588	0.0201588	-0.0495598	-0.0487469	0.0246215	0.0246215	0.0246215	0.0246215	-0.0495598	0.0246215	-0.0495598	-0.0495598	-0.0495598	-0.0495598	-0.0495598	-0.0495598	0.206313	0.170079	-0.0511529	-0.0123113	-0.0503616	0.0246215	-0.0503616	0.107045	-0.026514	0.0160624
-0.070827	-0.0800675	-0.0800675	-0.0800675	-0.119247	-0.121985	-0.126017	-0.126017	-0.076421	1	1	1	-0.0690266	0.996413	-0.0800977	0.54327	0.963939	-0.0914136	0.544009	0.255638	-0.0703873	-0.0703873	-0.0703873	-0.151508	-0.0703873	-0.0703873	0.305573	-0.203686	-0.0703873	0.209049	0.183196	0.305573	0.207417	-0.202709	-0.0703873	-0.203438	-0.203073	-0.0703873	-0.112356	-0.174491	0.305573	-0.115205	-0.171054	-0.171054	-0.171054	-0.0703873	0.305573	0.305573	-0.166971	-0.0703873	-0.0703873	0.313134	0.321093	-0.0659907	-0.0659907	-0.0659907	-0.0659907	0.313134	-0.0659907	0.313134	0.313134	0.313134	0.313134	0.313134	0.313134	-0.0875007	-0.028801	0.312991	-0.0175514	0.320553	-0.0659907	0.320553	-3.40584e-05	0.0165064	-0.0414006
-0.070827	-0.0800675	-0.0800675	-0.0800675	-0.119247	-0.121985	-0.126017	-0.126017	-0.076421	1	1	1	-0.0690266	0.996413	-0.0800977	0.54327	0.963939	-0.0914136	0.544009	0.255638	-0.0703873	-0.0703873	-0.0703873	-0.151508	-0.0703873	-0.0703873	0.305573	-0.203686	-0.0703873	0.209049	0.183196	0.305573	0.207417	-0.202709	-0.0703873	-0.203438	-0.203073	-0.0703873	-0.112356	-0.174491	0.305573	-0.115205	-0.171054	-0.171054	-0.171054	-0.0703873	0.305573	0.305573	-0.166971	-0.0703873	-0.0703873	0.313134	0.321093	-0.0659907	-0.0659907	-0.0659907	-0.0659907	0.313134	-0.0659907	0.313134	0.313134	0.313134	0.313134	0.313134	0.313134	-0.0875007	-0.028801	0.312991	-0.0175514	0.320553	-0.0659907	0.320553	-3.40584e-05	0.0165064	-0.0414006
-0.070827	-0.0800675	-0.0800675	-0.0800675	-0.119247	-0.121985	-0.126017	-0.126017	-0.076421	1	1	1	-0.0690266	0.996413	-0.0800977	0.54327	0.963939	-0.0914136	0.544009	0.255638	-0.0703873	-0.0703873	-0.0703873	-0.151508	-0.0703873	-0.0703873	0.305573	-0.203686	-0.0703873	0.209049	0.183196	0.305573	0.207417	-0.202709	-0.0703873	-0.203438	-0.203073	-0.0703873	-0.112356	-0.174491	0.305573	-0.115205	-0.171054	-0.171054	-0.171054	-0.0703873	0.305573	0.305573	-0.166971	-0.0703873	-0.0703873	0.313134	0.321093	-0.0659907	-0.0659907	-0.0659907	-0.0659907	0.313134	-0.0659907	0.313134	0.313134	0.313134	0.313134	0.313134	0.313134	-0.0875007	-0.028801	0.312991	-0.0175514	0.320553	-0.0659907	0.320553	-3.40584e-05	0.0165064	-0.0414006
0.870056	0.909954	0.909954	0.909954	0.0227829	0.0202895	0.0166743	0.0166743	0.964888	-0.0690266	-0.0690266	-0.0690266	1	-0.0684194	0.988403	-0.0636394	-0.0665877	0.9767	-0.0147815	0.0492396	0.0165827	0.0165827	0.0165827	-0.0369076	0.541649	0.0165827	-0.0505208	0.156902	0.0165827	0.0412379	-0.0269143	-0.0505208	0.0521616	0.157368	0.0165827	0.163806	0.164761	0.0165827	0.146239	-0.0348791	-0.0505208	0.144924	-0.0538767	-0.0538767	-0.0538767	0.0165827	-0.0505208	-0.0505208	-0.0517314	0.0165827	0.0165827	-0.0513632	-0.0505208	0.0210301	0.0210301	0.0210301	0.0210301	-0.0513632	0.0210301	-0.0513632	-0.0513632	-0.0513632	-0.0513632	-0.0513632	-0.0513632	0.199723	0.167385	-0.0530144	-0.0159812	-0.0521942	0.0210301	-0.0521942	0.105355	-0.0298139	0.0124944
-0.0702859	-0.0795007	-0.0795007	-0.0795007	-0.118622	-0.12135	-0.125368	-0.125368	-0.0758561	0.996413	0.996413	0.996413	-0.0684194	1	-0.0795229	0.545204	0.967438	-0.0908718	0.545918	0.257683	-0.069989	-0.069989	-0.069989	-0.154943	-0.069989	-0.069989	0.30684	-0.20623	-0.069989	0.211123	0.184426	0.30684	0.209493	-0.205256	-0.069989	-0.205962	-0.205609	-0.069989	-0.11447	-0.178019	0.30684	-0.11731	-0.174424	-0.174424	-0.174424	-0.069989	0.30684	0.30684	-0.170362	-0.069989	-0.069989	0.314427	0.322392	-0.0656062	-0.0656062	-0.0656062	-0.0656062	0.314427	-0.0656062	0.314427	0.314427	0.314427	0.314427	0.314427	0.314427	-0.0891443	-0.0337936	0.314304	-0.0168341	0.321872	-0.0656062	0.321872	-0.0048125	0.0158721	-0.0409182
0.88033	0.920723	0.920723	0.920723	0.0246109	0.0221195	0.0185081	0.0185081	0.976209	-0.0800977	-0.0800977	-0.0800977	0.988403	-0.0795229	1	-0.0629013	-0.0777902	0.98816	-0.0135852	0.0524611	0.0177472	0.0177472	0.0177472	-0.0333643	0.548257	0.0177472	-0.0499349	0.163159	0.0177472	0.0446094	-0.0256766	-0.0499349	0.055657	0.163618	0.0177472	0.170117	0.171085	0.0177472	0.152564	-0.0313428	-0.0499349	0.15127	-0.0503569	-0.0503569	-0.0503569	0.0177472	-0.0499349	-0.0499349	-0.0482332	0.0177472	0.0177472	-0.0507676	-0.0499349	0.022199	0.022199	0.022199	0.022199	-0.0507676	0.022199	-0.0507676	-0.0507676	-0.0507676	-0.0507676	-0.0507676	-0.0507676	0.207218	0.168241	-0.0523996	-0.0147815	-0.0515889	0.022199	-0.0515889	0.105892	-0.0313342	0.0136568
-0.0583955	-0.0622189	-0.0622189	-0.0622189	-0.0741911	-0.075493	-0.0774184	-0.0774184	-0.0614048	0.54327	0.54327	0.54327	-0.0636394	0.545204	-0.0629013	1	0.563328	-0.0621566	0.376569	0.315062	-0.0462637	-0.0462637	-0.0462637	-0.0494009	-0.0462637	-0.0462637	0.656428	-0.0898618	-0.0462637	0.269979	0.46513	0.656428	0.268882	-0.0893482	-0.0462637	-0.0898339	-0.0895912	-0.0462637	0.104518	-0.0563394	0.656428	0.103138	-0.0482174	-0.0482174	-0.0482174	-0.0462637	0.656428	0.656428	-0.0460132	-0.0462637	-0.0462637	0.644875	0.656428	-0.0443164	-0.0443164	-0.0443164	-0.0443164	0.644875	-0.0443164	0.644875	0.644875	0.644875	0.644875	0.644875	0.644875	-0.0274302	-0.108904	0.648353	0.0451009	0.659285	-0.0443164	0.659285	-0.117361	-0.067212	-0.048142
-0.0686541	-0.0777923	-0.0777923	-0.0777923	-0.116741	-0.11944	-0.123416	-0.123416	-0.074153	0.963939	0.963939	0.963939	-0.0665877	0.967438	-0.0777902	0.563328	1	-0.08924	0.538625	0.256959	-0.0687898	-0.0687898	-0.0687898	-0.160034	-0.0687898	-0.0687898	0.326352	-0.204548	-0.0687898	0.210848	0.200009	0.326352	0.209236	-0.203586	-0.0687898	-0.204278	-0.203932	-0.0687898	-0.107191	-0.172676	0.326352	-0.109991	-0.168756	-0.168756	-0.168756	-0.0687898	0.326352	0.326352	-0.164741	-0.0687898	-0.0687898	0.333783	0.342007	-0.0644481	-0.0644481	-0.0644481	-0.0644481	0.333783	-0.0644481	0.333783	0.333783	0.333783	0.333783	0.333783	0.333783	-0.0941253	-0.0310092	0.33328	-0.0146651	0.341083	-0.0644481	0.341083	-0.00127111	-0.00775591	-0.0227319
0.86667	0.908797	0.908797	0.908797	0.0264808	0.0239912	0.0203833	0.0203833	0.963569	-0.0914136	-0.0914136	-0.0914136	0.9767	-0.0908718	0.98816	-0.0621566	-0.08924	1	-0.0361877	0.0305708	0.0189388	0.0189388	0.0189388	-0.029751	0.555082	0.0189388	-0.0493437	0.16957	0.0189388	0.0241961	-0.0244164	-0.0493437	0.035407	0.170023	0.0189388	0.176586	0.177566	0.0189388	0.159044	-0.0277362	-0.0493437	0.157772	-0.0467698	-0.0467698	-0.0467698	0.0189388	-0.0493437	-0.0493437	-0.0446679	0.0189388	0.0189388	-0.0501665	-0.0493437	0.0233956	0.0233956	0.0233956	0.0233956	-0.0501665	0.0233956	-0.0501665	-0.0501665	-0.0501665	-0.0501665	-0.0501665	-0.0501665	0.206755	0.169138	-0.0517792	-0.0135586	-0.0509781	0.0233956	-0.0509781	0.106455	-0.0328911	0.0148457
-0.00834218	-0.0144516	-0.0144516	-0.0144516	-0.0716286	-0.0728855	-0.0747443	-0.0747443	-0.0111215	0.544009	0.544009	0.544009	-0.0147815	0.545918	-0.0135852	0.376569	0.538625	-0.0361877	1	0.351532	-0.0134593	-0.0134593	-0.0134593	-0.119346	-0.0446658	-0.0134593	0.00633583	-0.140794	-0.0134593	0.316141	-0.00438777	0.00633583	0.315	-0.14029	-0.0134593	-0.140451	-0.14037	-0.0134593	-0.134413	-0.127387	0.00633583	-0.135924	-0.10743	-0.10743	-0.10743	-0.0134593	0.00633583	0.00633583	-0.105371	-0.0134593	-0.0134593	0.0323643	0.0344712	-0.0102934	-0.0102934	-0.0102934	-0.0102934	0.0323643	-0.0102934	0.0323643	0.0323643	0.0323643	0.0323643	0.0323643	0.0323643	0.110514	0.0395897	0.0283574	0.101868	0.030328	-0.0102934	0.030328	0.0330951	0.0467035	-0.0164112
0.013715	0.0601987	0.0601987	0.0601987	0.0392649	0.0343906	0.027321	0.027321	0.0591343	0.255638	0.255638	0.255638	0.0492396	0.257683	0.0524611	0.315062	0.256959	0.0305708	0.351532	1	-0.0567335	-0.0567335	-0.0567335	-0.162984	-0.0567335	-0.0567335	0.375651	-0.199818	-0.0567335	0.900963	0.245535	0.375651	0.904511	-0.198818	-0.0567335	-0.199615	-0.199216	-0.0567335	-0.0836317	-0.164513	0.375651	-0.0821883	-0.157483	-0.157483	-0.157483	-0.0567335	0.375651	0.375651	-0.158315	-0.0567335	-0.0567335	0.381442	0.375651	-0.0515972	-0.0515972	-0.0515972	-0.0515972	0.381442	-0.0515972	0.381442	0.381442	0.381442	0.381442	0.381442	0.381442	0.357485	0.1858	0.378584	0.147907	0.372727	-0.0515972	0.372727	0.135756	0.0187379	-0.0456846
0.0221288	0.0162126	0.0162126	0.0162126	0.227621	0.223101	0.21663	0.21663	0.0201588	-0.0703873	-0.0703873	-0.0703873	0.0165827	-0.069989	0.0177472	-0.0462637	-0.0687898	0.0189388	-0.0134593	-0.0567335	1	1	1	-0.0414031	0.00846255	1	-0.036727	-0.0526324	1	0.324561	0.654403	-0.036727	0.323586	-0.0522693	1	-0.052678	-0.0524739	1	-0.0614706	-0.0400062	-0.036727	-0.0625537	-0.046832	-0.046832	-0.046832	1	-0.036727	-0.036727	-0.0452812	1	1	-0.0373394	-0.036727	0.957908	0.957908	0.957908	0.957908	-0.0373394	0.957908	-0.0373394	-0.0373394	-0.0373394	-0.0373394	-0.0373394	-0.0373394	-0.0834906	-0.0879771	-0.0385397	0.665194	-0.0379435	0.957908	-0.0379435	-0.110108	-0.0838865	0.801758
0.0221288	0.0162126	0.0162126	0.0162126	0.227621	0.223101	0.21663	0.21663	0.0201588	-0.0703873	-0.0703873	-0.0703873	0.0165827	-0.069989	0.0177472	-0.0462637	-0.0687898	0.0189388	-0.0134593	-0.0567335	1	1	1	-0.0414031	0.00846255	1	-0.036727	-0.0526324	1	0.324561	0.654403	-0.036727	0.323586	-0.0522693	1	-0.052678	-0.0524739	1	-0.0614706	-0.0400062	-0.036727	-0.0625537	-0.046832	-0.046832	-0.046832	1	-0.036727	-0.036727	-0.0452812	1	1	-0.0373394	-0.036727	0.957908	0.957908	0.957908	0.957908	-0.0373394	0.957908	-0.0373394	-0.0373394	-0.0373394	-0.0373394	-0.0373394	-0.0373394	-0.0834906	-0.0879771	-0.0385397	0.665194	-0.0379435	0.957908	-0.0379435	-0.110108	-0.0838865	0.801758
0.0221288	0.0162126	0.0162126	0.0162126	0.227621	0.223101	0.21663	0.21663	0.0201588	-0.0703873	-0.0703873	-0.0703873	0.0165827	-0.069989	0.0177472	-0.0462637	-0.0687898	0.0189388	-0.0134593	-0.0567335	1	1	1	-0.0414031	0.00846255	1	-0.036727	-0.0526324	1	0.324561	0.654403	-0.036727	0.323586	-0.0522693	1	-0.052678	-0.0524739	1	-0.0614706	-0.0400062	-0.036727	-0.0625537	-0.046832	-0.046832	-0.046832	1	-0.036727	-0.036727	-0.0452812	1	1	-0.0373394	-0.036727	0.957908	0.957908	0.957908	0.957908	-0.0373394	0.957908	-0.0373394	-0.0373394	-0.0373394	-0.0373394	-0.0373394	-0.0373394	-0.0834906	-0.0879771	-0.0385397	0.665194	-0.0379435	0.957908	-0.0379435	-0.110108	-0.0838865	0.801758
-0.00826064	-0.0268394	-0.0268394	-0.0268394	0.150473	0.157616	0.145389	0.145389	-0.0260639	-0.151508	-0.151508	-0.151508	-0.0369076	-0.154943	-0.0333643	-0.0494009	-0.160034	-0.029751	-0.119346	-0.162984	-0.0414031	-0.0414031	-0.0414031	1	-0.0161075	-0.0414031	-0.0312352	0.824294	-0.0414031	-0.174858	-0.0518792	-0.0312352	-0.176563	0.825581	-0.0414031	0.824879	0.825224	-0.0414031	0.792757	0.96502	-0.0312352	0.789258	0.92724	0.92724	0.92724	-0.0414031	-0.0312352	-0.0312352	0.934637	-0.0414031	-0.0414031	-0.035379	-0.0312352	-0.0322857	-0.0322857	-0.0322857	-0.0322857	-0.035379	-0.0322857	-0.035379	-0.035379	-0.035379	-0.035379	-0.035379	-0.035379	0.648691	0.486679	-0.0215149	-0.0179967	-0.0172761	-0.0322857	-0.0172761	0.371066	0.256615	-0.0620948
0.499091	0.469166	0.469166	0.469166	0.0237639	0.0218589	0.0190996	0.0190996	0.530254	-0.0703873	-0.0703873	-0.0703873	0.541649	-0.069989	0.548257	-0.0462637	-0.0687898	0.555082	-0.0446658	-0.0567335	0.00846255	0.00846255	0.00846255	-0.0161075	1	0.00846255	-0.036727	0.226813	0.00846255	-0.0349178	-0.0220166	-0.036727	-0.0353627	0.227135	0.00846255	0.225133	0.22613	0.00846255	0.209906	-0.0145756	-0.036727	0.209028	-0.0216456	-0.0216456	-0.0216456	0.00846255	-0.036727	-0.036727	-0.0200661	0.00846255	0.00846255	-0.0373394	-0.036727	0.0115477	0.0115477	0.0115477	0.0115477	-0.0373394	0.0115477	-0.0373394	-0.0373394	-0.0373394	-0.0373394	-0.0373394	-0.0373394	0.204566	0.167503	-0.0385397	-0.0143036	-0.0379435	0.0115477	-0.0379435	0.157601	-0.0218983	0.00562157
0.0221288	0.0162126	0.0162126	0.0162126	0.227621	0.223101	0.21663	0.21663	0.0201588	-0.0703873	-0.0703873	-0.0703873	0.0165827	-0.069989	0.0177472	-0.0462637	-0.0687898	0.0189388	-0.0134593	-0.0567335	1	1	1	-0.0414031	0.00846255	1	-0.036727	-0.0526324	1	0.324561	0.654403	-0.036727	0.323586	-0.0522693	1	-0.052678	-0.0524739	1	-0.0614706	-0.0400062	-0.036727	-0.0625537	-0.046832	-0.046832	-0.046832	1	-0.036727	-0.036727	-0.0452812	1	1	-0.0373394	-0.036727	0.957908	0.957908	0.957908	0.957908	-0.0373394	0.957908	-0.0373394	-0.0373394	-0.0373394	-0.0373394	-0.0373394	-0.0373394	-0.0834906	-0.0879771	-0.0385397	0.665194	-0.0379435	0.957908	-0.0379435	-0.110108	-0.0838865	0.801758
-0.0463579	-0.0493932	-0.0493932	-0.0493932	-0.0588975	-0.059931	-0.0614594	-0.0614594	-0.0487469	0.305573	0.305573	0.305573	-0.0505208	0.30684	-0.0499349	0.656428	0.326352	-0.0493437	0.00633583	0.375651	-0.036727	-0.036727	-0.036727	-0.0312352	-0.036727	-0.036727	1	-0.0604538	-0.036727	0.341994	0.731602	1	0.340934	-0.0600476	-0.036727	-0.0604953	-0.0602718	-0.036727	0.233103	-0.0295933	1	0.23212	-0.0373696	-0.0373696	-0.0373696	-0.036727	1	1	-0.0356188	-0.036727	-0.036727	0.983599	0.966417	-0.0351811	-0.0351811	-0.0351811	-0.0351811	0.983599	-0.0351811	0.983599	0.983599	0.983599	0.983599	0.983599	0.983599	-0.0852601	-0.121006	0.920834	-0.0226741	0.935347	-0.0351811	0.935347	-0.124256	-0.0669563	-0.0023287
0.185118	0.1534	0.1534	0.1534	0.10588	0.11067	0.0976391	0.0976391	0.158893	-0.203686	-0.203686	-0.203686	0.156902	-0.20623	0.163159	-0.0898618	-0.204548	0.16957	-0.140794	-0.199818	-0.0526324	-0.0526324	-0.0526324	0.824294	0.226813	-0.0526324	-0.0604538	1	-0.0526324	-0.213446	-0.0816481	-0.0604538	-0.211224	0.99849	-0.0526324	0.995509	0.996989	-0.0526324	0.952183	0.825915	-0.0604538	0.948069	0.787765	0.787765	0.787765	-0.0526324	-0.0604538	-0.0604538	0.796141	-0.0526324	-0.0526324	-0.0649838	-0.0604538	-0.0420373	-0.0420373	-0.0420373	-0.0420373	-0.0649838	-0.0420373	-0.0649838	-0.0649838	-0.0649838	-0.0649838	-0.0649838	-0.0649838	0.60595	0.415186	-0.0544176	-0.0520101	-0.0498361	-0.0420373	-0.0498361	0.291491	0.214948	-0.0732936
0.0221288	0.0162126	0.0162126	0.0162126	0.227621	0.223101	0.21663	0.21663	0.0201588	-0.0703873	-0.0703873	-0.0703873	0.0165827	-0.069989	0.0177472	-0.0462637	-0.0687898	0.0189388	-0.0134593	-0.0567335	1	1	1	-0.0414031	0.00846255	1	-0.036727	-0.0526324	1	0.324561	0.654403	-0.036727	0.323586	-0.0522693	1	-0.052678	-0.0524739	1	-0.0614706	-0.0400062	-0.036727	-0.0625537	-0.046832	-0.046832	-0.046832	1	-0.036727	-0.036727	-0.0452812	1	1	-0.0373394	-0.036727	0.957908	0.957908	0.957908	0.957908	-0.0373394	0.957908	-0.0373394	-0.0373394	-0.0373394	-0.0373394	-0.0373394	-0.0373394	-0.0834906	-0.0879771	-0.0385397	0.665194	-0.0379435	0.957908	-0.0379435	-0.110108	-0.0838865	0.801758
0.00933571	0.0517413	0.0517413	0.0517413	0.12331	0.116983	0.107837	0.107837	0.0515887	0.209049	0.209049	0.209049	0.0412379	0.211123	0.0446094	0.269979	0.210848	0.0241961	0.316141	0.900963	0.324561	0.324561	0.324561	-0.174858	-0.0349178	0.324561	0.341994	-0.213446	0.324561	1	0.480185	0.341994	0.997053	-0.212361	0.324561	-0.213246	-0.212803	0.324561	-0.106593	-0.175803	0.341994	-0.105639	-0.171679	-0.171679	-0.171679	0.324561	0.341994	0.341994	-0.171886	0.324561	0.324561	0.347249	0.341994	0.313503	0.313503	0.313503	0.313503	0.347249	0.313503	0.347249	0.347249	0.347249	0.347249	0.347249	0.347249	0.315165	0.142742	0.344087	0.40346	0.338764	0.313503	0.338764	0.086959	-0.00616601	0.260032
-0.0199809	-0.0263136	-0.0263136	-0.0263136	0.110716	0.106851	0.101279	0.101279	-0.0231325	0.183196	0.183196	0.183196	-0.0269143	0.184426	-0.0256766	0.46513	0.200009	-0.0244164	-0.00438777	0.245535	0.654403	0.654403	0.654403	-0.0518792	-0.0220166	0.654403	0.731602	-0.0816481	0.654403	0.480185	1	0.731602	0.478718	-0.0810932	0.654403	-0.0817107	-0.0814023	0.654403	0.134444	-0.0496838	0.731602	0.132962	-0.0602244	-0.0602244	-0.0602244	0.654403	0.731602	0.731602	-0.0578417	0.654403	0.654403	0.718774	0.706191	0.626858	0.626858	0.626858	0.626858	0.718774	0.626858	0.718774	0.718774	0.718774	0.718774	0.718774	0.718774	-0.121469	-0.151577	0.670464	0.436634	0.681851	0.626858	0.681851	-0.169134	-0.10789	0.545191
-0.0463579	-0.0493932	-0.0493932	-0.0493932	-0.0588975	-0.059931	-0.0614594	-0.0614594	-0.0487469	0.305573	0.305573	0.305573	-0.0505208	0.30684	-0.0499349	0.656428	0.326352	-0.0493437	0.00633583	0.375651	-0.036727	-0.036727	-0.036727	-0.0312352	-0.036727	-0.036727	1	-0.0604538	-0.036727	0.341994	0.731602	1	0.340934	-0.0600476	-0.036727	-0.0604953	-0.0602718	-0.036727	0.233103	-0.0295933	1	0.23212	-0.0373696	-0.0373696	-0.0373696	-0.036727	1	1	-0.0356188	-0.036727	-0.036727	0.983599	0.966417	-0.0351811	-0.0351811	-0.0351811	-0.0351811	0.983599	-0.0351811	0.983599	0.983599	0.983599	0.983599	0.983599	0.983599	-0.0852601	-0.121006	0.920834	-0.0226741	0.935347	-0.0351811	0.935347	-0.124256	-0.0669563	-0.0023287
0.0207069	0.0624043	0.0624043	0.0624043	0.122333	0.116	0.106847	0.106847	0.0628968	0.207417	0.207417	0.207417	0.0521616	0.209493	0.055657	0.268882	0.209236	0.035407	0.315	0.904511	0.323586	0.323586	0.323586	-0.176563	-0.0353627	0.323586	0.340934	-0.211224	0.323586	0.997053	0.478718	0.340934	1	-0.210135	0.323586	-0.21104	-0.210588	0.323586	-0.104741	-0.177493	0.340934	-0.103802	-0.173465	-0.173465	-0.173465	0.323586	0.340934	0.340934	-0.17365	0.323586	0.323586	0.346172	0.340934	0.312566	0.312566	0.312566	0.312566	0.346172	0.312566	0.346172	0.346172	0.346172	0.346172	0.346172	0.346172	0.320048	0.146993	0.342997	0.402182	0.337691	0.312566	0.337691	0.0911537	-0.00945385	0.259132
0.18554	0.153856	0.153856	0.153856	0.106435	0.111234	0.0982198	0.0982198	0.159342	-0.202709	-0.202709	-0.202709	0.157368	-0.205256	0.163618	-0.0893482	-0.203586	0.170023	-0.14029	-0.198818	-0.0522693	-0.0522693	-0.0522693	0.825581	0.227135	-0.0522693	-0.0600476	0.99849	-0.0522693	-0.212361	-0.0810932	-0.0600476	-0.210135	1	-0.0522693	0.997018	0.998499	-0.0522693	0.953768	0.827192	-0.0600476	0.949667	0.789112	0.789112	0.789112	-0.0522693	-0.0600476	-0.0600476	0.797471	-0.0522693	-0.0522693	-0.0645704	-0.0600476	-0.0416908	-0.0416908	-0.0416908	-0.0416908	-0.0645704	-0.0416908	-0.0645704	-0.0645704	-0.0645704	-0.0645704	-0.0645704	-0.0645704	0.607805	0.417691	-0.0539927	-0.0515136	-0.0494183	-0.0416908	-0.0494183	0.294147	0.217278	-0.0729131
0.0221288	0.0162126	0.0162126	0.0162126	0.227621	0.223101	0.21663	0.21663	0.0201588	-0.0703873	-0.0703873	-0.0703873	0.0165827	-0.069989	0.0177472	-0.0462637	-0.0687898	0.0189388	-0.0134593	-0.0567335	1	1	1	-0.0414031	0.00846255	1	-0.036727	-0.0526324	1	0.324561	0.654403	-0.036727	0.323586	-0.0522693	1	-0.052678	-0.0524739	1	-0.0614706	-0.0400062	-0.036727	-0.0625537	-0.046832	-0.046832	-0.046832	1	-0.036727	-0.036727	-0.0452812	1	1	-0.0373394	-0.036727	0.957908	0.957908	0.957908	0.957908	-0.0373394	0.957908	-0.0373394	-0.0373394	-0.0373394	-0.0373394	-0.0373394	-0.0373394	-0.0834906	-0.0879771	-0.0385397	0.665194	-0.0379435	0.957908	-0.0379435	-0.110108	-0.0838865	0.801758
0.192142	0.16015	0.16015	0.16015	0.104694	0.109446	0.0964765	0.0964765	0.16607	-0.203438	-0.203438	-0.203438	0.163806	-0.205962	0.170117	-0.0898339	-0.204278	0.176586	-0.140451	-0.199615	-0.052678	-0.052678	-0.052678	0.824879	0.225133	-0.052678	-0.0604953	0.995509	-0.052678	-0.213246	-0.0817107	-0.0604953	-0.21104	0.997018	-0.052678	1	0.998507	-0.052678	0.953661	0.826537	-0.0604953	0.949565	0.791867	0.791867	0.791867	-0.052678	-0.0604953	-0.0604953	0.800221	-0.052678	-0.052678	-0.0650055	-0.0604953	-0.0421301	-0.0421301	-0.0421301	-0.0421301	-0.0650055	-0.0421301	-0.0650055	-0.0650055	-0.0650055	-0.0650055	-0.0650055	-0.0650055	0.611954	0.421661	-0.054514	-0.0521921	-0.0499529	-0.0421301	-0.0499529	0.298625	0.219679	-0.0732327
0.193138	0.161084	0.161084	0.161084	0.105562	0.110337	0.0973451	0.0973451	0.167015	-0.203073	-0.203073	-0.203073	0.164761	-0.205609	0.171085	-0.0895912	-0.203932	0.177566	-0.14037	-0.199216	-0.0524739	-0.0524739	-0.0524739	0.825224	0.22613	-0.0524739	-0.0602718	0.996989	-0.0524739	-0.212803	-0.0814023	-0.0602718	-0.210588	0.998499	-0.0524739	0.998507	1	-0.0524739	0.955173	0.826858	-0.0602718	0.951076	0.78879	0.78879	0.78879	-0.0524739	-0.0602718	-0.0602718	0.797145	-0.0524739	-0.0524739	-0.0647882	-0.0602718	-0.0419108	-0.0419108	-0.0419108	-0.0419108	-0.0647882	-0.0419108	-0.0647882	-0.0647882	-0.0647882	-0.0647882	-0.0647882	-0.0647882	0.609882	0.419679	-0.0542537	-0.0518535	-0.0496861	-0.0419108	-0.0496861	0.296391	0.217087	-0.0730729
0.0221288	0.0162126	0.0162126	0.0162126	0.227621	0.223101	0.21663	0.21663	0.0201588	-0.0703873	-0.0703873	-0.0703873	0.0165827	-0.069989	0.0177472	-0.0462637	-0.0687898	0.0189388	-0.0134593	-0.0567335	1	1	1	-0.0414031	0.00846255	1	-0.036727	-0.0526324	1	0.324561	0.654403	-0.036727	0.323586	-0.0522693	1	-0.052678	-0.0524739	1	-0.0614706	-0.0400062	-0.036727	-0.0625537	-0.046832	-0.046832	-0.046832	1	-0.036727	-0.036727	-0.0452812	1	1	-0.0373394	-0.036727	0.957908	0.957908	0.957908	0.957908	-0.0373394	0.957908	-0.0373394	-0.0373394	-0.0373394	-0.0373394	-0.0373394	-0.0373394	-0.0834906	-0.0879771	-0.0385397	0.665194	-0.0379435	0.957908	-0.0379435	-0.110108	-0.0838865	0.801758
0.175054	0.142975	0.142975	0.142975	0.0862128	0.0905728	0.0774869	0.0774869	0.148935	-0.112356	-0.112356	-0.112356	0.146239	-0.11447	0.152564	0.104518	-0.107191	0.159044	-0.134413	-0.0836317	-0.0614706	-0.0614706	-0.0614706	0.792757	0.209906	-0.0614706	0.233103	0.952183	-0.0614706	-0.106593	0.134444	0.233103	-0.104741	0.953768	-0.0614706	0.953661	0.955173	-0.0614706	1	0.798141	0.233103	0.995735	0.758857	0.758857	0.758857	-0.0614706	0.233103	0.233103	0.76749	-0.0614706	-0.0614706	0.22393	0.223316	-0.0507455	-0.0507455	-0.0507455	-0.0507455	0.22393	-0.0507455	0.22393	0.22393	0.22393	0.22393	0.22393	0.22393	0.571101	0.370425	0.215913	-0.0566413	0.224585	-0.0507455	0.224585	0.249484	0.191522	-0.0714967
0.00352358	-0.0155132	-0.0155132	-0.0155132	0.146027	0.153354	0.141273	0.141273	-0.0240557	-0.174491	-0.174491	-0.174491	-0.0348791	-0.178019	-0.0313428	-0.0563394	-0.172676	-0.0277362	-0.127387	-0.164513	-0.0400062	-0.0400062	-0.0400062	0.96502	-0.0145756	-0.0400062	-0.0295933	0.825915	-0.0400062	-0.175803	-0.0496838	-0.0295933	-0.177493	0.827192	-0.0400062	0.826537	0.826858	-0.0400062	0.798141	1	-0.0295933	0.804705	0.962087	0.962087	0.962087	-0.0400062	-0.0295933	-0.0295933	0.957838	-0.0400062	-0.0400062	-0.0337289	-0.0295933	-0.0309083	-0.0309083	-0.0309083	-0.0309083	-0.0337289	-0.0309083	-0.0337289	-0.0337289	-0.0337289	-0.0337289	-0.0337289	-0.0337289	0.664273	0.487841	-0.0416684	-0.0158673	-0.0377515	-0.0309083	-0.0377515	0.365548	0.25919	-0.0607425
-0.0463579	-0.0493932	-0.0493932	-0.0493932	-0.0588975	-0.059931	-0.0614594	-0.0614594	-0.0487469	0.305573	0.305573	0.305573	-0.0505208	0.30684	-0.0499349	0.656428	0.326352	-0.0493437	0.00633583	0.375651	-0.036727	-0.036727	-0.036727	-0.0312352	-0.036727	-0.036727	1	-0.0604538	-0.036727	0.341994	0.731602	1	0.340934	-0.0600476	-0.036727	-0.0604953	-0.0602718	-0.036727	0.233103	-0.0295933	1	0.23212	-0.0373696	-0.0373696	-0.0373696	-0.036727	1	1	-0.0356188	-0.036727	-0.036727	0.983599	0.966417	-0.0351811	-0.0351811	-0.0351811	-0.0351811	0.983599	-0.0351811	0.983599	0.983599	0.983599	0.983599	0.983599	0.983599	-0.0852601	-0.121006	0.920834	-0.0226741	0.935347	-0.0351811	0.935347	-0.124256	-0.0669563	-0.0023287
0.173878	0.141689	0.141689	0.141689	0.0846158	0.0889499	0.075811	0.075811	0.147672	-0.115205	-0.115205	-0.115205	0.144924	-0.11731	0.15127	0.103138	-0.109991	0.157772	-0.135924	-0.0821883	-0.0625537	-0.0625537	-0.0625537	0.789258	0.209028	-0.0625537	0.23212	0.948069	-0.0625537	-0.105639	0.132962	0.23212	-0.103802	0.949667	-0.0625537	0.949565	0.951076	-0.0625537	0.995735	0.804705	0.23212	1	0.765107	0.765107	0.765107	-0.0625537	0.23212	0.23212	0.763858	-0.0625537	-0.0625537	0.222921	0.222326	-0.0517769	-0.0517769	-0.0517769	-0.0517769	0.222921	-0.0517769	0.222921	0.222921	0.222921	0.222921	0.222921	0.222921	0.577091	0.366027	0.21486	-0.0581101	0.223558	-0.0517769	0.223558	0.247438	0.187499	-0.0726296
-0.0153031	-0.0342651	-0.0342651	-0.0342651	0.140831	0.147785	0.135378	0.135378	-0.0431122	-0.171054	-0.171054	-0.171054	-0.0538767	-0.174424	-0.0503569	-0.0482174	-0.168756	-0.0467698	-0.10743	-0.157483	-0.046832	-0.046832	-0.046832	0.92724	-0.0216456	-0.046832	-0.0373696	0.787765	-0.046832	-0.171679	-0.0602244	-0.0373696	-0.173465	0.789112	-0.046832	0.791867	0.78879	-0.046832	0.758857	0.962087	-0.0373696	0.765107	1	1	1	-0.046832	-0.0373696	-0.0373696	0.992354	-0.046832	-0.046832	-0.0416	-0.0373696	-0.037518	-0.037518	-0.037518	-0.037518	-0.0416	-0.037518	-0.0416	-0.0416	-0.0416	-0.0416	-0.0416	-0.0416	0.693297	0.512262	-0.0497266	-0.0162181	-0.0457165	-0.037518	-0.0457165	0.392189	0.293843	-0.067662
-0.0153031	-0.0342651	-0.0342651	-0.0342651	0.140831	0.147785	0.135378	0.135378	-0.0431122	-0.171054	-0.171054	-0.171054	-0.0538767	-0.174424	-0.0503569	-0.0482174	-0.168756	-0.0467698	-0.10743	-0.157483	-0.046832	-0.046832	-0.046832	0.92724	-0.0216456	-0.046832	-0.0373696	0.787765	-0.046832	-0.171679	-0.0602244	-0.0373696	-0.173465	0.789112	-0.046832	0.791867	0.78879	-0.046832	0.758857	0.962087	-0.0373696	0.765107	1	1	1	-0.046832	-0.0373696	-0.0373696	0.992354	-0.046832	-0.046832	-0.0416	-0.0373696	-0.037518	-0.037518	-0.037518	-0.037518	-0.0416	-0.037518	-0.0416	-0.0416	-0.0416	-0.0416	-0.0416	-0.0416	0.693297	0.512262	-0.0497266	-0.0162181	-0.0457165	-0.037518	-0.0457165	0.392189	0.293843	-0.067662
-0.0153031	-0.0342651	-0.0342651	-0.0342651	0.140831	0.147785	0.135378	0.135378	-0.0431122	-0.171054	-0.171054	-0.171054	-0.0538767	-0.174424	-0.0503569	-0.0482174	-0.168756	-0.0467698	-0.10743	-0.157483	-0.046832	-0.046832	-0.046832	0.92724	-0.0216456	-0.046832	-0.0373696	0.787765	-0.046832	-0.171679	-0.0602244	-0.0373696	-0.173465	0.789112	-0.046832	0.791867	0.78879	-0.046832	0.758857	0.962087	-0.0373696	0.765107	1	1	1	-0.046832	-0.0373696	-0.0373696	0.992354	-0.046832	-0.046832	-0.0416	-0.0373696	-0.037518	-0.037518	-0.037518	-0.037518	-0.0416	-0.037518	-0.0416	-0.0416	-0.0416	-0.0416	-0.0416	-0.0416	0.693297	0.512262	-0.0497266	-0.0162181	-0.0457165	-0.037518	-0.0457165	0.392189	0.293843	-0.067662
0.0221288	0.0162126	0.0162126	0.0162126	0.227621	0.223101	0.21663	0.21663	0.0201588	-0.0703873	-0.0703873	-0.0703873	0.0165827	-0.069989	0.0177472	-0.0462637	-0.0687898	0.0189388	-0.0134593	-0.0567335	1	1	1	-0.0414031	0.00846255	1	-0.036727	-0.0526324	1	0.324561	0.654403	-0.036727	0.323586	-0.0522693	1	-0.052678	-0.0524739	1	-0.0614706	-0.0400062	-0.036727	-0.0625537	-0.046832	-0.046832	-0.046832	1	-0.036727	-0.036727	-0.0452812	1	1	-0.0373394	-0.036727	0.957908	0.957908	0.957908	0.957908	-0.0373394	0.957908	-0.0373394	-0.0373394	-0.0373394	-0.0373394	-0.0373394	-0.0373394	-0.0834906	-0.0879771	-0.0385397	0.665194	-0.0379435	0.957908	-0.0379435	-0.110108	-0.0838865	0.801758
-0.0463579	-0.0493932	-0.0493932	-0.0493932	-0.0588975	-0.059931	-0.0614594	-0.0614594	-0.0487469	0.305573	0.305573	0.305573	-0.0505208	0.30684	-0.0499349	0.656428	0.326352	-0.0493437	0.00633583	0.375651	-0.036727	-0.036727	-0.036727	-0.0312352	-0.036727	-0.036727	1	-0.0604538	-0.036727	0.341994	0.731602	1	0.340934	-0.0600476	-0.036727	-0.0604953	-0.0602718	-0.036727	0.233103	-0.0295933	1	0.23212	-0.0373696	-0.0373696	-0.0373696	-0.036727	1	1	-0.0356188	-0.036727	-0.036727	0.983599	0.966417	-0.0351811	-0.0351811	-0.0351811	-0.0351811	0.983599	-0.0351811	0.983599	0.983599	0.983599	0.983599	0.983599	0.983599	-0.0852601	-0.121006	0.920834	-0.0226741	0.935347	-0.0351811	0.935347	-0.124256	-0.0669563	-0.0023287
-0.0463579	-0.0493932	-0.0493932	-0.0493932	-0.0588975	-0.059931	-0.0614594	-0.0614594	-0.0487469	0.305573	0.305573	0.305573	-0.0505208	0.30684	-0.0499349	0.656428	0.326352	-0.0493437	0.00633583	0.375651	-0.036727	-0.036727	-0.036727	-0.0312352	-0.036727	-0.036727	1	-0.0604538	-0.036727	0.341994	0.731602	1	0.340934	-0.0600476	-0.036727	-0.0604953	-0.0602718	-0.036727	0.233103	-0.0295933	1	0.23212	-0.0373696	-0.0373696	-0.0373696	-0.036727	1	1	-0.0356188	-0.036727	-0.036727	0.983599	0.966417	-0.0351811	-0.0351811	-0.0351811	-0.0351811	0.983599	-0.0351811	0.983599	0.983599	0.983599	0.983599	0.983599	0.983599	-0.0852601	-0.121006	0.920834	-0.0226741	0.935347	-0.0351811	0.935347	-0.124256	-0.0669563	-0.0023287
-0.0132959	-0.0321468	-0.0321468	-0.0321468	0.143563	0.15057	0.138216	0.138216	-0.0410321	-0.166971	-0.166971	-0.166971	-0.0517314	-0.170362	-0.0482332	-0.0460132	-0.164741	-0.0446679	-0.105371	-0.158315	-0.0452812	-0.0452812	-0.0452812	0.934637	-0.0200661	-0.0452812	-0.0356188	0.796141	-0.0452812	-0.171886	-0.0578417	-0.0356188	-0.17365	0.797471	-0.0452812	0.800221	0.797145	-0.0452812	0.76749	0.957838	-0.0356188	0.763858	0.992354	0.992354	0.992354	-0.0452812	-0.0356188	-0.0356188	1	-0.0452812	-0.0452812	-0.0398241	-0.0356188	-0.0360241	-0.0360241	-0.0360241	-0.0360241	-0.0398241	-0.0360241	-0.0398241	-0.0398241	-0.0398241	-0.0398241	-0.0398241	-0.0398241	0.689826	0.521167	-0.0479013	-0.0140301	-0.0439157	-0.0360241	-0.0439157	0.398271	0.301677	-0.0660697
0.0221288	0.0162126	0.0162126	0.0162126	0.227621	0.223101	0.21663	0.21663	0.0201588	-0.0703873	-0.0703873	-0.0703873	0.0165827	-0.069989	0.0177472	-0.0462637	-0.0687898	0.0189388	-0.0134593	-0.0567335	1	1	1	-0.0414031	0.00846255	1	-0.036727	-0.0526324	1	0.324561	0.654403	-0.036727	0.323586	-0.0522693	1	-0.052678	-0.0524739	1	-0.0614706	-0.0400062	-0.036727	-0.0625537	-0.046832	-0.046832	-0.046832	1	-0.036727	-0.036727	-0.0452812	1	1	-0.0373394	-0.036727	0.957908	0.957908	0.957908	0.957908	-0.0373394	0.957908	-0.0373394	-0.0373394	-0.0373394	-0.0373394	-0.0373394	-0.0373394	-0.0834906	-0.0879771	-0.0385397	0.665194	-0.0379435	0.957908	-0.0379435	-0.110108	-0.0838865	0.801758
0.0221288	0.0162126	0.0162126	0.0162126	0.227621	0.223101	0.21663	0.21663	0.0201588	-0.0703873	-0.0703873	-0.0703873	0.0165827	-0.069989	0.0177472	-0.0462637	-0.0687898	0.0189388	-0.0134593	-0.0567335	1	1	1	-0.0414031	0.00846255	1	-0.036727	-0.0526324	1	0.324561	0.654403	-0.036727	0.323586	-0.0522693	1	-0.052678	-0.0524739	1	-0.0614706	-0.0400062	-0.036727	-0.0625537	-0.046832	-0.046832	-0.046832	1	-0.036727	-0.036727	-0.0452812	1	1	-0.0373394	-0.036727	0.957908	0.957908	0.957908	0.957908	-0.0373394	0.957908	-0.0373394	-0.0373394	-0.0373394	-0.0373394	-0.0373394	-0.0373394	-0.0834906	-0.0879771	-0.0385397	0.665194	-0.0379435	0.957908	-0.0379435	-0.110108	-0.0838865	0.801758
-0.0471309	-0.0502168	-0.0502168	-0.0502168	-0.0598796	-0.0609303	-0.0624842	-0.0624842	-0.0495598	0.313134	0.313134	0.313134	-0.0513632	0.314427	-0.0507676	0.644875	0.333783	-0.0501665	0.0323643	0.381442	-0.0373394	-0.0373394	-0.0373394	-0.035379	-0.0373394	-0.0373394	0.983599	-0.0649838	-0.0373394	0.347249	0.718774	0.983599	0.346172	-0.0645704	-0.0373394	-0.0650055	-0.0647882	-0.0373394	0.22393	-0.0337289	0.983599	0.222921	-0.0416	-0.0416	-0.0416	-0.0373394	0.983599	0.983599	-0.0398241	-0.0373394	-0.0373394	1	0.983599	-0.0357677	-0.0357677	-0.0357677	-0.0357677	1	-0.0357677	1	1	1	1	1	1	-0.0808754	-0.118145	0.937209	-0.0239369	0.951979	-0.0357677	0.951979	-0.121727	-0.0553476	-0.00350777
-0.0463579	-0.0493932	-0.0493932	-0.0493932	-0.0588975	-0.059931	-0.0614594	-0.0614594	-0.0487469	0.321093	0.321093	0.321093	-0.0505208	0.322392	-0.0499349	0.656428	0.342007	-0.0493437	0.0344712	0.375651	-0.036727	-0.036727	-0.036727	-0.0312352	-0.036727	-0.036727	0.966417	-0.0604538	-0.036727	0.341994	0.706191	0.966417	0.340934	-0.0600476	-0.036727	-0.0604953	-0.0602718	-0.036727	0.223316	-0.0295933	0.966417	0.222326	-0.0373696	-0.0373696	-0.0373696	-0.036727	0.966417	0.966417	-0.0356188	-0.036727	-0.036727	0.983599	1	-0.0351811	-0.0351811	-0.0351811	-0.0351811	0.983599	-0.0351811	0.983599	0.983599	0.983599	0.983599	0.983599	0.983599	-0.0756413	-0.111408	0.952965	-0.0505208	0.967939	-0.0351811	0.967939	-0.114601	-0.0483271	-0.0023287
0.0264946	0.0205607	0.0205607	0.0205607	0.214856	0.210568	0.204426	0.204426	0.0246215	-0.0659907	-0.0659907	-0.0659907	0.0210301	-0.0656062	0.022199	-0.0443164	-0.0644481	0.0233956	-0.0102934	-0.0515972	0.957908	0.957908	0.957908	-0.0322857	0.0115477	0.957908	-0.0351811	-0.0420373	0.957908	0.313503	0.626858	-0.0351811	0.312566	-0.0416908	0.957908	-0.0421301	-0.0419108	0.957908	-0.0507455	-0.0309083	-0.0351811	-0.0517769	-0.037518	-0.037518	-0.037518	0.957908	-0.0351811	-0.0351811	-0.0360241	0.957908	0.957908	-0.0357677	-0.0351811	1	1	1	1	-0.0357677	1	-0.0357677	-0.0357677	-0.0357677	-0.0357677	-0.0357677	-0.0357677	-0.0719784	-0.0718604	-0.0369175	0.696368	-0.0363464	1	-0.0363464	-0.0938779	-0.0906824	0.837642
0.0264946	0.0205607	0.0205607	0.0205607	0.214856	0.210568	0.204426	0.204426	0.0246215	-0.0659907	-0.0659907	-0.0659907	0.0210301	-0.0656062	0.022199	-0.0443164	-0.0644481	0.0233956	-0.0102934	-0.0515972	0.957908	0.957908	0.957908	-0.0322857	0.0115477	0.957908	-0.0351811	-0.0420373	0.957908	0.313503	0.626858	-0.0351811	0.312566	-0.0416908	0.957908	-0.0421301	-0.0419108	0.957908	-0.0507455	-0.0309083	-0.0351811	-0.0517769	-0.037518	-0.037518	-0.037518	0.957908	-0.0351811	-0.0351811	-0.0360241	0.957908	0.957908	-0.0357677	-0.0351811	1	1	1	1	-0.0357677	1	-0.0357677	-0.0357677	-0.0357677	-0.0357677	-0.0357677	-0.0357677	-0.0719784	-0.0718604	-0.0369175	0.696368	-0.0363464	1	-0.0363464	-0.0938779	-0.0906824	0.837642
