1	0.945376	0.936653	0.946438	-0.0281465	-0.0182374	-0.0180304	-0.0181553	0.933306	-0.0387057	-0.0389642	-0.0387231	0.827692	-0.0372797	0.816433	-0.0228039	-0.0374751	0.799535	-0.0209413	-0.0170621	-0.0166555	-0.0173389	-0.0173089	-0.0625056	0.465646	-0.0175806	-0.0217842	0.156821	-0.0175886	-0.0222582	-0.0275162	-0.0211632	-0.0216934	0.156395	-0.0183083	0.153855	0.1545	-0.0175887	0.145988	-0.0668934	-0.0203926	0.144176	-0.0688188	-0.0689553	-0.0707146	-0.0183166	-0.0200518	-0.0199956	-0.0663558	-0.0191641	-0.0183481	-0.0189781	-0.0137137	-0.0204369	-0.0202067	-0.0149476	-0.0190533	-0.0124251	-0.0197008	-0.0117014	-0.0127636	-0.0136099	-0.0135653	-0.0129017	-0.012044	0.143174	0.131397	-0.00687961	-0.0276477	-0.0066218	-0.0210018	-0.00639371	0.114706	-0.014974	-0.0172192
0.945376	1	0.991296	0.99926	-0.0282763	-0.0343522	-0.0341724	-0.0342826	0.997263	-0.0379091	-0.0382553	-0.0379972	0.886693	-0.0357886	0.875724	-0.0236932	-0.0357072	0.85833	-0.023343	0.0225748	-0.0154555	-0.017565	-0.0175326	-0.0700538	0.449643	-0.0179218	-0.0223502	0.145295	-0.0179281	0.01273	-0.0288543	-0.0217706	0.0127985	0.144872	-0.0187001	0.142399	0.143151	-0.0180423	0.134464	-0.0711846	-0.0202427	0.132902	-0.0728982	-0.0730436	-0.0750086	-0.0186352	-0.0206274	-0.02057	-0.070008	-0.0195088	-0.0186686	-0.0195295	-0.013945	-0.0190245	-0.0187801	-0.0139077	-0.0183568	-0.0133304	-0.0182212	-0.0126925	-0.0138641	-0.0133212	-0.0132727	-0.0126158	-0.0130728	0.156535	0.143466	-0.0120835	-0.0252491	-0.0118151	-0.0201592	-0.0115669	0.105985	-0.0296273	-0.0164153
0.936653	0.991296	1	0.990523	-0.0292725	-0.0354677	-0.035288	-0.0354008	0.988432	-0.0382906	-0.0386537	-0.0383963	0.883425	-0.0364722	0.869517	-0.0237776	-0.0360489	0.852432	-0.0240954	0.022004	-0.0140921	-0.0154951	-0.0154603	-0.0672926	0.444584	-0.0151122	-0.0223346	0.144907	-0.0151217	0.0151252	-0.0258054	-0.0217644	0.0148326	0.144508	-0.0150673	0.142438	0.143203	-0.014435	0.134389	-0.0701125	-0.0202499	0.133133	-0.0719622	-0.0721045	-0.0740926	-0.0158117	-0.0206221	-0.0205645	-0.068932	-0.0157753	-0.0157578	-0.0195104	-0.0138246	-0.0144536	-0.0142615	-0.0143282	-0.0163102	-0.0134018	-0.0161556	-0.0127875	-0.0139584	-0.0127122	-0.0126622	-0.0127248	-0.0131724	0.156077	0.14115	-0.00876461	-0.0237749	-0.00843274	-0.01716	-0.00813642	0.104581	-0.0302267	-0.0160898
0.946438	0.99926	0.990523	1	-0.0280894	-0.0341529	-0.0339729	-0.0340828	0.998039	-0.0387112	-0.0390476	-0.0387943	0.889789	-0.0366174	0.879077	-0.0235526	-0.036525	0.861512	-0.0231658	0.0223776	-0.0153486	-0.017453	-0.0174207	-0.0707946	0.452359	-0.0178078	-0.0222264	0.14491	-0.0178142	0.0122493	-0.0286804	-0.0216447	0.0126738	0.144548	-0.018587	0.141838	0.142576	-0.017926	0.134169	-0.0712868	-0.0201121	0.132576	-0.0728414	-0.0729867	-0.0749397	-0.018524	-0.020499	-0.0204415	-0.0699697	-0.0193982	-0.0185572	-0.0193996	-0.0138131	-0.0206342	-0.020396	-0.0138136	-0.0191291	-0.0132063	-0.0189808	-0.0125652	-0.0137062	-0.014602	-0.014554	-0.0139077	-0.0129458	0.156648	0.144701	-0.0119877	-0.0277838	-0.0117202	-0.0209388	-0.0114718	0.107434	-0.0289373	-0.0171753
-0.0281465	-0.0282763	-0.0292725	-0.0280894	1	0.957718	0.958326	0.955656	-0.0264838	-0.0627344	-0.0634618	-0.0628794	-0.03133	-0.0606474	-0.0309132	-0.0286924	-0.0605435	-0.0311366	-0.0205823	0.0684345	0.219363	0.255973	0.257024	0.0879514	-0.0184357	0.251209	-0.0195199	0.0565616	0.255018	0.155103	0.151748	-0.0191207	0.155631	0.058279	0.25082	0.0595361	0.0604054	0.248708	0.0529093	0.0914034	-0.0190474	0.0518767	0.0844142	0.083893	0.0819363	0.254477	-0.0185731	-0.0185593	0.0868831	0.248503	0.252079	-0.0184677	-0.0241973	0.232722	0.234257	0.223111	0.236431	-0.0160275	0.23171	-0.0158149	-0.0182628	-0.0187498	-0.0186886	-0.0172927	-0.0156685	0.103522	0.00864666	-0.02552	0.258649	-0.0250024	0.218921	-0.0253607	-0.116209	0.0479433	0.185408
-0.0182374	-0.0343522	-0.0354677	-0.0341529	0.957718	1	0.999811	0.997925	-0.0338839	-0.0691527	-0.0691718	-0.0691625	-0.0369246	-0.0690274	-0.0364554	-0.0345134	-0.0688716	-0.0368552	-0.0238262	0.0477233	0.229124	0.260641	0.261663	0.117377	-0.0242195	0.256233	-0.0210892	0.0830823	0.261149	0.150986	0.159802	-0.0203075	0.14365	0.0844352	0.25752	0.0907734	0.0914877	0.256538	0.0764774	0.108406	-0.020245	0.0771536	0.100416	0.0997737	0.0975004	0.260138	-0.0197024	-0.0197017	0.102196	0.257342	0.258868	-0.0197724	-0.0301351	0.250392	0.250677	0.222993	0.244102	-0.0175602	0.239261	-0.017152	-0.0123652	-0.0121432	-0.0121192	-0.0121676	-0.0171313	0.113167	0.00764618	-0.0148602	0.262449	-0.0139328	0.22881	-0.0141145	-0.117226	0.0547254	0.193999
-0.0180304	-0.0341724	-0.035288	-0.0339729	0.958326	0.999811	1	0.998114	-0.0337081	-0.0691264	-0.0691421	-0.0691337	-0.036737	-0.0687624	-0.0362681	-0.0343658	-0.0686054	-0.0366678	-0.0236531	0.0478955	0.229172	0.26123	0.262255	0.117248	-0.0241158	0.256941	-0.0208924	0.0831198	0.261863	0.151296	0.160062	-0.020109	0.14414	0.0844764	0.258108	0.0906724	0.0913833	0.257064	0.0765871	0.108589	-0.0200467	0.0772731	0.100515	0.099873	0.0975141	0.260665	-0.0195038	-0.0195032	0.102389	0.25743	0.258953	-0.0195752	-0.0300138	0.250471	0.250754	0.223456	0.244612	-0.0173561	0.239764	-0.016946	-0.0126338	-0.0128952	-0.0123805	-0.012434	-0.0169246	0.113124	0.00805004	-0.0152714	0.262507	-0.0143511	0.229249	-0.014555	-0.116895	0.0539589	0.193908
-0.0181553	-0.0342826	-0.0354008	-0.0340828	0.955656	0.997925	0.998114	1	-0.0338493	-0.0691801	-0.0689171	-0.0691905	-0.0368586	-0.0687963	-0.0363886	-0.034036	-0.0686245	-0.0367898	-0.0233346	0.047258	0.231369	0.262823	0.263853	0.117299	-0.0242536	0.259034	-0.0210384	0.0829982	0.263774	0.151915	0.160932	-0.020256	0.144334	0.0843546	0.258355	0.0908681	0.0915823	0.257304	0.0761578	0.108145	-0.0201935	0.077052	0.100043	0.0994008	0.0970284	0.262579	-0.0196498	-0.0196491	0.102022	0.258797	0.260872	-0.0197182	-0.0301755	0.252431	0.253288	0.222508	0.245431	-0.0175033	0.239976	-0.0170957	-0.0117254	-0.011932	-0.0114424	-0.0119931	-0.0170755	0.112871	0.00725789	-0.0141512	0.26267	-0.0126502	0.229585	-0.012846	-0.117934	0.0546796	0.193264
0.933306	0.997263	0.988432	0.998039	-0.0264838	-0.0338839	-0.0337081	-0.0338493	1	-0.0388876	-0.0391934	-0.038944	0.911359	-0.036855	0.916761	-0.0245024	-0.0367313	0.907788	-0.021964	0.022723	-0.0161918	-0.0181102	-0.0180797	-0.0717068	0.475627	-0.0184162	-0.0240055	0.15222	-0.0184212	0.0124942	-0.0303786	-0.0234007	0.0128534	0.151784	-0.0191721	0.149477	0.150121	-0.0184852	0.14076	-0.0731015	-0.0218383	0.139471	-0.0745182	-0.0746579	-0.076296	-0.0191523	-0.0222551	-0.0221732	-0.0714944	-0.020003	-0.0191866	-0.0212006	-0.0159232	-0.0203366	-0.0201275	-0.015045	-0.0189126	-0.0155763	-0.0186921	-0.0148697	-0.01592	-0.0167306	-0.0166848	-0.0160652	-0.0152331	0.164328	0.14798	-0.0144576	-0.0276471	-0.0142548	-0.0207242	-0.0140224	0.109508	-0.0303844	-0.01791
-0.0387057	-0.0379091	-0.0382906	-0.0387112	-0.0627344	-0.0691527	-0.0691264	-0.0691801	-0.0388876	1	0.996382	0.998078	-0.0332679	0.988121	-0.0413051	0.553788	0.972366	-0.0409412	0.507691	0.298016	-0.0283034	-0.0328683	-0.0332124	-0.119199	-0.0236496	-0.03254	0.312298	-0.140988	-0.0330972	0.25399	0.207855	0.311288	0.253548	-0.141382	-0.0322941	-0.143056	-0.141667	-0.0320052	-0.0428606	-0.128094	0.309693	-0.0430239	-0.13146	-0.131328	-0.132126	-0.0322824	0.31123	0.311037	-0.12933	-0.0330116	-0.0322466	0.311641	0.336699	-0.027853	-0.0270795	-0.0324917	-0.0275313	0.295086	-0.0260187	0.289965	0.283044	0.280442	0.280777	0.282882	0.288895	-0.0320404	-0.0297525	0.286323	0.0584593	0.286597	-0.019351	0.284178	-0.00361304	0.0229345	-0.0212756
-0.0389642	-0.0382553	-0.0386537	-0.0390476	-0.0634618	-0.0691718	-0.0691421	-0.0689171	-0.0391934	0.996382	1	0.997789	-0.0335073	0.984575	-0.0414683	0.551118	0.972303	-0.0411772	0.507581	0.298492	-0.0285322	-0.032759	-0.0330987	-0.118619	-0.0234326	-0.0324597	0.311606	-0.140454	-0.0326359	0.259454	0.20789	0.310566	0.25715	-0.140797	-0.032379	-0.141398	-0.139981	-0.0321015	-0.0424262	-0.129222	0.308796	-0.0406826	-0.132688	-0.13256	-0.133287	-0.0318218	0.310295	0.310105	-0.130059	-0.0330938	-0.0318554	0.310768	0.33549	-0.0190097	-0.0183048	-0.0325862	-0.0219165	0.294521	-0.0204323	0.289425	0.288317	0.285668	0.285971	0.284173	0.288386	-0.0309419	-0.0315787	0.291953	0.0647605	0.292415	-0.0148561	0.289829	-0.00527752	0.02256	-0.0213885
-0.0387231	-0.0379972	-0.0383963	-0.0387943	-0.0628794	-0.0691625	-0.0691337	-0.0691905	-0.038944	0.998078	0.997789	1	-0.0336013	0.986498	-0.0415724	0.552441	0.972904	-0.0413281	0.50905	0.298936	-0.0285617	-0.0327601	-0.0331001	-0.11979	-0.0232362	-0.0324528	0.312317	-0.141378	-0.0326289	0.257676	0.208345	0.31124	0.256955	-0.141715	-0.0318424	-0.142937	-0.14152	-0.0315654	-0.0430112	-0.128993	0.30966	-0.0414037	-0.132525	-0.132422	-0.133133	-0.0318161	0.311358	0.311168	-0.130434	-0.0326367	-0.0318528	0.311836	0.33637	-0.0211847	-0.0207998	-0.0324905	-0.0223178	0.295156	-0.0208984	0.290062	0.284091	0.281344	0.281642	0.282684	0.288839	-0.0322275	-0.0314286	0.287445	0.0633006	0.288037	-0.014867	0.285434	-0.00461732	0.0229617	-0.0212194
0.827692	0.886693	0.883425	0.889789	-0.03133	-0.0369246	-0.036737	-0.0368586	0.911359	-0.0332679	-0.0335073	-0.0336013	1	-0.0330456	0.992344	-0.0258997	-0.0334292	0.991388	-0.0256983	0.00907325	-0.011264	-0.0132916	-0.0132482	-0.06791	0.430188	-0.0139338	-0.0265319	0.175816	-0.0139113	0.00887166	-0.0294682	-0.0260045	0.00700473	0.175149	-0.0132222	0.175316	0.175886	-0.0126846	0.162757	-0.0832451	-0.024573	0.163568	-0.0849065	-0.0850573	-0.0873354	-0.0145323	-0.024884	-0.0248041	-0.0820142	-0.0139522	-0.0145598	-0.0237475	-0.0177779	-0.0110218	-0.0107711	-0.0149464	-0.0124124	-0.0194725	-0.010842	-0.0189532	-0.0138584	-0.0134533	-0.0133947	-0.0183757	-0.0193406	0.181461	0.151069	-0.00301097	-0.0166477	-0.00176254	-0.015626	-0.000706469	0.11118	-0.0453896	-0.018201
-0.0372797	-0.0357886	-0.0364722	-0.0366174	-0.0606474	-0.0690274	-0.0687624	-0.0687963	-0.036855	0.988121	0.984575	0.986498	-0.0330456	1	-0.041266	0.566667	0.997778	-0.0412988	0.524214	0.308233	-0.0320101	-0.0351874	-0.0355462	-0.13087	-0.0223244	-0.0343428	0.322817	-0.150671	-0.0352893	0.258943	0.213	0.322177	0.260174	-0.150934	-0.0358247	-0.153212	-0.15186	-0.0354842	-0.0498408	-0.129273	0.319915	-0.0508183	-0.132834	-0.132962	-0.133884	-0.0339994	0.321424	0.321227	-0.130827	-0.0352092	-0.0340282	0.32194	0.34941	-0.032862	-0.0320034	-0.0304949	-0.0297978	0.304362	-0.0267192	0.298929	0.290951	0.286569	0.286948	0.290122	0.297484	-0.039869	-0.0266563	0.286829	0.0480063	0.287244	-0.0291352	0.284489	-0.000287926	0.0210344	-0.0208922
0.816433	0.875724	0.869517	0.879077	-0.0309132	-0.0364554	-0.0362681	-0.0363886	0.916761	-0.0413051	-0.0414683	-0.0415724	0.992344	-0.041266	1	-0.0276535	-0.0415965	1	-0.0253777	0.00973283	-0.0137114	-0.0155549	-0.0155136	-0.0686532	0.435831	-0.0161425	-0.0277472	0.178871	-0.0161546	0.00906903	-0.0318608	-0.027215	0.0074562	0.178348	-0.0154261	0.178504	0.179049	-0.0148755	0.1655	-0.0839907	-0.0257831	0.166743	-0.0855941	-0.0857425	-0.0877702	-0.0167829	-0.0261033	-0.0260249	-0.0827397	-0.0161626	-0.0168138	-0.0249955	-0.0191941	-0.0132615	-0.0130185	-0.0158206	-0.013882	-0.0206854	-0.0115125	-0.0201462	-0.0130569	-0.0127119	-0.0126537	-0.0195722	-0.0205247	0.185759	0.155828	-0.00291572	-0.0168409	-0.00167635	-0.0170406	-0.000623221	0.115921	-0.0420308	-0.018867
-0.0228039	-0.0236932	-0.0237776	-0.0235526	-0.0286924	-0.0345134	-0.0343658	-0.034036	-0.0245024	0.553788	0.551118	0.552441	-0.0258997	0.566667	-0.0276535	1	0.562584	-0.0268359	0.380557	0.321714	-0.0111036	-0.0136366	-0.0135235	-0.0667136	-0.00435035	-0.0140584	0.631758	-0.0809948	-0.0149954	0.279178	0.451705	0.629923	0.282259	-0.081661	-0.0157738	-0.0833802	-0.082255	-0.0152429	0.112435	-0.064508	0.625291	0.110825	-0.0675017	-0.067643	-0.0690894	-0.0138939	0.628142	0.627867	-0.066915	-0.0147864	-0.0138429	0.630096	0.678512	-0.0196766	-0.0194714	-0.0151663	-0.0162597	0.598807	-0.0162458	0.587945	0.573622	0.564314	0.564822	0.570144	0.585502	-0.0607462	-0.100102	0.56699	0.0125293	0.568056	-0.0147668	0.563163	-0.111329	-0.0891028	-0.00984738
-0.0374751	-0.0357072	-0.0360489	-0.036525	-0.0605435	-0.0688716	-0.0686054	-0.0686245	-0.0367313	0.972366	0.972303	0.972904	-0.0334292	0.997778	-0.0415965	0.562584	1	-0.0416886	0.522389	0.30927	-0.0304913	-0.0338261	-0.0341784	-0.131025	-0.0226496	-0.0334727	0.32341	-0.151468	-0.034009	0.263262	0.214999	0.322776	0.264217	-0.151715	-0.0345719	-0.153598	-0.15227	-0.0342487	-0.0497731	-0.13003	0.319704	-0.0491602	-0.133466	-0.133594	-0.134489	-0.0327252	0.321214	0.32102	-0.131537	-0.0339464	-0.0327406	0.321716	0.350198	-0.0255516	-0.0251329	-0.0299717	-0.0240819	0.304552	-0.0211288	0.299361	0.294625	0.290547	0.290884	0.292944	0.298139	-0.0402326	-0.0276488	0.289061	0.0536636	0.289518	-0.0239239	0.286809	-0.00135726	0.0196038	-0.0201751
0.799535	0.85833	0.852432	0.861512	-0.0311366	-0.0368552	-0.0366678	-0.0367898	0.907788	-0.0409412	-0.0411772	-0.0413281	0.991388	-0.0412988	1	-0.0268359	-0.0416886	1	-0.025294	0.00861369	-0.0133087	-0.0152457	-0.0152036	-0.0694772	0.440709	-0.0158551	-0.0275485	0.181344	-0.0158679	0.00809721	-0.0315359	-0.0270238	0.00649228	0.180806	-0.0151631	0.180922	0.181474	-0.0146238	0.16796	-0.0853752	-0.0256039	0.169134	-0.0870514	-0.0871994	-0.0892538	-0.0164871	-0.0259142	-0.0258358	-0.084202	-0.0158913	-0.0165175	-0.0247985	-0.0189255	-0.0130229	-0.0127771	-0.0151831	-0.0136045	-0.0205835	-0.0112727	-0.0200632	-0.0130695	-0.0127427	-0.0126838	-0.0195297	-0.0204446	0.18723	0.15735	-0.00289528	-0.0168222	-0.00165116	-0.0166983	-0.000603251	0.117708	-0.042547	-0.0185167
-0.0209413	-0.023343	-0.0240954	-0.0231658	-0.0205823	-0.0238262	-0.0236531	-0.0233346	-0.021964	0.507691	0.507581	0.50905	-0.0256983	0.524214	-0.0253777	0.380557	0.522389	-0.025294	1	0.395259	-0.0181428	-0.0203955	-0.0203364	-0.0771622	-0.0165768	-0.0200054	0.0779607	-0.0957948	-0.0199268	0.330013	0.0365908	0.0773658	0.329905	-0.0955073	-0.020699	-0.0959659	-0.0948385	-0.0201365	-0.0729623	-0.0757802	0.0751878	-0.0735737	-0.0782731	-0.0783099	-0.0774973	-0.0197064	0.0764158	0.0765104	-0.0767284	-0.0205692	-0.0197412	0.0751424	0.0846073	-0.0134538	-0.0132575	-0.0173972	-0.012911	0.0747786	-0.0119749	0.0723805	0.071366	0.0707136	0.0708928	0.0707006	0.0732756	0.0969051	-0.0158696	0.0585282	0.138996	0.0593697	-0.0174962	0.0576969	-0.0235507	0.0509477	-0.011547
-0.0170621	0.0225748	0.022004	0.0223776	0.0684345	0.0477233	0.0478955	0.047258	0.022723	0.298016	0.298492	0.298936	0.00907325	0.308233	0.00973283	0.321714	0.30927	0.00861369	0.395259	1	-0.0402366	-0.0452428	-0.0446447	-0.172193	-0.0364082	-0.0414372	0.462329	-0.207723	-0.0449597	0.883232	0.320424	0.462344	0.892402	-0.20532	-0.0451258	-0.206344	-0.204787	-0.0452832	-0.0538228	-0.170032	0.457951	-0.0555818	-0.175626	-0.175359	-0.174931	-0.0432512	0.459848	0.459683	-0.172686	-0.0439499	-0.0431489	0.454062	0.422474	-0.0393057	-0.0379803	-0.0339168	-0.0380818	0.437771	-0.0364175	0.430958	0.42244	0.416528	0.417584	0.419585	0.427542	0.263517	0.113311	0.351224	0.179737	0.353118	-0.0425723	0.349454	0.0781248	0.0340989	-0.0393262
-0.0166555	-0.0154555	-0.0140921	-0.0153486	0.219363	0.229124	0.229172	0.231369	-0.0161918	-0.0283034	-0.0285322	-0.0285617	-0.011264	-0.0320101	-0.0137114	-0.0111036	-0.0304913	-0.0133087	-0.0181428	-0.0402366	1	0.986706	0.987921	-0.049997	-0.0131142	0.973571	-0.022077	-0.0643793	0.975954	0.333081	0.603128	-0.0221865	0.332204	-0.0644758	0.954676	-0.0656284	-0.0647496	0.949204	-0.0717764	-0.0547949	-0.021186	-0.0707853	-0.0566211	-0.0563571	-0.0578735	0.972211	-0.0219058	-0.0218863	-0.055401	0.956183	0.970794	-0.0211317	-0.0190524	0.908517	0.910322	0.90564	0.914118	-0.0171049	0.894386	-0.0167575	-0.0171151	-0.0156612	-0.0158138	-0.016367	-0.0160773	-0.0693786	-0.0948928	-0.00879907	0.517839	-0.00797255	0.856622	-0.00773799	-0.100463	-0.0792739	0.723972
-0.0173389	-0.017565	-0.0154951	-0.017453	0.255973	0.260641	0.26123	0.262823	-0.0181102	-0.0328683	-0.032759	-0.0327601	-0.0132916	-0.0351874	-0.0155549	-0.0136366	-0.0338261	-0.0152457	-0.0203955	-0.0452428	0.986706	1	0.998392	-0.0547781	-0.0109572	0.984504	-0.0245104	-0.0686481	0.990321	0.350639	0.630301	-0.0246244	0.350162	-0.0685914	0.973105	-0.0702176	-0.069246	0.968096	-0.0762052	-0.0581707	-0.0236875	-0.0760763	-0.060628	-0.0603932	-0.0621031	0.987601	-0.0243323	-0.0243118	-0.0588915	0.971806	0.986426	-0.0235433	-0.0221364	0.928124	0.930336	0.915613	0.934495	-0.0198609	0.915826	-0.0195894	-0.0209594	-0.0197598	-0.0198025	-0.020285	-0.0189756	-0.0757916	-0.100315	-0.0138365	0.543957	-0.0140067	0.880715	-0.0137872	-0.106699	-0.0791886	0.738903
-0.0173089	-0.0175326	-0.0154603	-0.0174207	0.257024	0.261663	0.262255	0.263853	-0.0180797	-0.0332124	-0.0330987	-0.0331001	-0.0132482	-0.0355462	-0.0155136	-0.0135235	-0.0341784	-0.0152036	-0.0203364	-0.0446447	0.987921	0.998392	1	-0.0548936	-0.0109157	0.985034	-0.0244456	-0.0684664	0.989768	0.351103	0.630195	-0.0245597	0.350636	-0.0684098	0.972543	-0.0700327	-0.0690637	0.967001	-0.0763357	-0.0584847	-0.0236201	-0.0758615	-0.060861	-0.0606251	-0.0623315	0.988668	-0.024266	-0.0242456	-0.0594228	0.972355	0.985851	-0.0234752	-0.0220709	0.927476	0.929159	0.91475	0.93334	-0.0197879	0.914679	-0.0195154	-0.0208859	-0.0196841	-0.019727	-0.0202105	-0.0189006	-0.0757085	-0.100661	-0.013756	0.543879	-0.0139271	0.880023	-0.0137073	-0.107044	-0.0794527	0.737778
-0.0625056	-0.0700538	-0.0672926	-0.0707946	0.0879514	0.117377	0.117248	0.117299	-0.0717068	-0.119199	-0.118619	-0.11979	-0.06791	-0.13087	-0.0686532	-0.0667136	-0.131025	-0.0694772	-0.0771622	-0.172193	-0.049997	-0.0547781	-0.0548936	1	-0.0607081	-0.0597281	-0.0703386	0.835344	-0.0598433	-0.18175	-0.0946877	-0.0702272	-0.184161	0.8348	-0.0496144	0.827578	0.829804	-0.0499423	0.788424	0.971617	-0.0696753	0.781585	0.941907	0.940148	0.937327	-0.060335	-0.0704047	-0.0703041	0.94542	-0.0508801	-0.059459	-0.0689735	-0.0643295	-0.0523898	-0.0527541	-0.0486292	-0.0559346	-0.0672246	-0.0539442	-0.0672801	-0.0648796	-0.062928	-0.062454	-0.066612	-0.0662207	0.669865	0.487876	-0.0248306	0.0200553	-0.0239897	-0.0384924	-0.0227303	0.372563	0.314279	-0.0551503
0.465646	0.449643	0.444584	0.452359	-0.0184357	-0.0242195	-0.0241158	-0.0242536	0.475627	-0.0236496	-0.0234326	-0.0232362	0.430188	-0.0223244	0.435831	-0.00435035	-0.0226496	0.440709	-0.0165768	-0.0364082	-0.0131142	-0.0109572	-0.0109157	-0.0607081	1	-0.0118345	-0.0173774	0.182818	-0.0118769	-0.0394235	-0.0218041	-0.0174696	-0.0390115	0.182338	-0.0124386	0.180338	0.180679	-0.0126815	0.171608	-0.0593067	-0.0174343	0.169693	-0.0613185	-0.0613937	-0.0622074	-0.0129398	-0.0171874	-0.0171664	-0.0592675	-0.0136039	-0.014155	-0.0165235	-0.0168112	-0.0151502	-0.0149762	-0.00910355	-0.0127078	-0.0186083	-0.0132261	-0.0180918	-0.0192696	-0.0198159	-0.0197832	-0.0193827	-0.0183248	0.160008	0.144744	-0.0176817	-0.0240555	-0.0170795	-0.0128688	-0.0169342	0.131441	-0.0776623	-0.00927407
-0.0175806	-0.0179218	-0.0151122	-0.0178078	0.251209	0.256233	0.256941	0.259034	-0.0184162	-0.03254	-0.0324597	-0.0324528	-0.0139338	-0.0343428	-0.0161425	-0.0140584	-0.0334727	-0.0158551	-0.0200054	-0.0414372	0.973571	0.984504	0.985034	-0.0597281	-0.0118345	1	-0.0237323	-0.074691	0.993267	0.361676	0.638758	-0.0238517	0.361517	-0.0746389	0.97536	-0.0760256	-0.0750071	0.969919	-0.0816972	-0.0636463	-0.0229321	-0.0814712	-0.0665429	-0.0663208	-0.0675562	0.990631	-0.0235477	-0.0235264	-0.0645902	0.974728	0.987933	-0.0227485	-0.0220654	0.926428	0.928699	0.900981	0.929233	-0.019182	0.90965	-0.01895	-0.0195112	-0.0174752	-0.0184541	-0.0188413	-0.0183642	-0.0777086	-0.105257	-0.0131487	0.545683	-0.0123281	0.872542	-0.0120969	-0.110884	-0.0802141	0.7253
-0.0217842	-0.0223502	-0.0223346	-0.0222264	-0.0195199	-0.0210892	-0.0208924	-0.0210384	-0.0240055	0.312298	0.311606	0.312317	-0.0265319	0.322817	-0.0277472	0.631758	0.32341	-0.0275485	0.0779607	0.462329	-0.022077	-0.0245104	-0.0244456	-0.0703386	-0.0173774	-0.0237323	1	-0.0911022	-0.0237494	0.412074	0.737919	0.998798	0.414206	-0.0910621	-0.0225904	-0.092606	-0.0915941	-0.0219663	0.22871	-0.0691391	0.991958	0.226522	-0.0724518	-0.0716382	-0.0725986	-0.0217942	0.993946	0.993141	-0.0721184	-0.0225342	-0.0218118	0.992941	0.940431	-0.0238237	-0.0236592	-0.0221641	-0.0224666	0.957155	-0.0231198	0.939994	0.918108	0.90464	0.904941	0.91351	0.932808	-0.0977626	-0.110833	0.811586	0.0148607	0.81567	-0.0244771	0.810135	-0.120386	-0.0846956	-0.0173019
0.156821	0.145295	0.144907	0.14491	0.0565616	0.0830823	0.0831198	0.0829982	0.15222	-0.140988	-0.140454	-0.141378	0.175816	-0.150671	0.178871	-0.0809948	-0.151468	0.181344	-0.0957948	-0.207723	-0.0643793	-0.0686481	-0.0684664	0.835344	0.182818	-0.074691	-0.0911022	1	-0.0750035	-0.224985	-0.12083	-0.090901	-0.226722	0.999871	-0.0673146	0.992874	0.994604	-0.0674643	0.945696	0.810408	-0.089926	0.937332	0.78144	0.779853	0.776655	-0.0756636	-0.0904793	-0.0903519	0.784193	-0.0683334	-0.0751386	-0.0884744	-0.082067	-0.0692632	-0.0695249	-0.0608354	-0.0711699	-0.0866593	-0.0692497	-0.0866692	-0.0852774	-0.0834677	-0.0832185	-0.0862349	-0.0852794	0.646235	0.45851	-0.0472644	-0.0154817	-0.0462028	-0.0553751	-0.0454115	0.341473	0.222777	-0.0689568
-0.0175886	-0.0179281	-0.0151217	-0.0178142	0.255018	0.261149	0.261863	0.263774	-0.0184212	-0.0330972	-0.0326359	-0.0326289	-0.0139113	-0.0352893	-0.0161546	-0.0149954	-0.034009	-0.0158679	-0.0199268	-0.0449597	0.975954	0.990321	0.989768	-0.0598433	-0.0118769	0.993267	-0.0237494	-0.0750035	1	0.361924	0.646847	-0.0238687	0.361351	-0.0749517	0.98235	-0.0763367	-0.0753197	0.976962	-0.0820173	-0.0636423	-0.0229523	-0.0816689	-0.0661123	-0.0658909	-0.0669157	0.996389	-0.0235666	-0.0235453	-0.0643833	0.981193	0.995328	-0.0227688	-0.0220855	0.934161	0.936396	0.910103	0.936989	-0.0192097	0.917507	-0.0189783	-0.0195389	-0.0174743	-0.0184515	-0.0188702	-0.0183935	-0.0803254	-0.10587	-0.0131553	0.54811	-0.0123361	0.880624	-0.0121054	-0.111026	-0.0824283	0.733963
-0.0222582	0.01273	0.0151252	0.0122493	0.155103	0.150986	0.151296	0.151915	0.0124942	0.25399	0.259454	0.257676	0.00887166	0.258943	0.00906903	0.279178	0.263262	0.00809721	0.330013	0.883232	0.333081	0.350639	0.351103	-0.18175	-0.0394235	0.361676	0.412074	-0.224985	0.361924	1	0.55637	0.413578	0.991732	-0.224898	0.355832	-0.216409	-0.214312	0.353752	-0.0898342	-0.187647	0.409603	-0.0844316	-0.194527	-0.193895	-0.194399	0.360706	0.410499	0.410222	-0.186498	0.356267	0.359745	0.404696	0.370921	0.361332	0.360977	0.290785	0.343984	0.392812	0.339778	0.387205	0.395881	0.393557	0.393736	0.388068	0.384528	0.220259	0.0489763	0.328862	0.428195	0.329692	0.317743	0.327191	0.0143133	0.00654449	0.24242
-0.0275162	-0.0288543	-0.0258054	-0.0286804	0.151748	0.159802	0.160062	0.160932	-0.0303786	0.207855	0.20789	0.208345	-0.0294682	0.213	-0.0318608	0.451705	0.214999	-0.0315359	0.0365908	0.320424	0.603128	0.630301	0.630195	-0.0946877	-0.0218041	0.638758	0.737919	-0.12083	0.646847	0.55637	1	0.740058	0.557333	-0.120776	0.634312	-0.122295	-0.120517	0.631568	0.117998	-0.0965439	0.733135	0.116708	-0.100276	-0.0995202	-0.100895	0.644689	0.733789	0.732836	-0.0987123	0.633882	0.642696	0.728476	0.673136	0.5953	0.597341	0.536943	0.598485	0.70748	0.588116	0.696642	0.679842	0.671628	0.670654	0.677259	0.69113	-0.126731	-0.154503	0.580306	0.38404	0.581971	0.560669	0.577319	-0.165608	-0.11814	0.457305
-0.0211632	-0.0217706	-0.0217644	-0.0216447	-0.0191207	-0.0203075	-0.020109	-0.020256	-0.0234007	0.311288	0.310566	0.31124	-0.0260045	0.322177	-0.027215	0.629923	0.322776	-0.0270238	0.0773658	0.462344	-0.0221865	-0.0246244	-0.0245597	-0.0702272	-0.0174696	-0.0238517	0.998798	-0.090901	-0.0238687	0.413578	0.740058	1	0.415858	-0.0910991	-0.0236072	-0.0925086	-0.0912454	-0.0229814	0.23027	-0.0691582	0.993616	0.227546	-0.0724971	-0.0716865	-0.0725572	-0.021918	0.995188	0.994786	-0.0722445	-0.0226585	-0.0219359	0.994631	0.939278	-0.0239753	-0.0237816	-0.022253	-0.0226116	0.959062	-0.0232652	0.941987	0.920228	0.906834	0.907132	0.915655	0.934849	-0.097988	-0.110905	0.810544	0.0175506	0.81421	-0.024598	0.808692	-0.120941	-0.0839741	-0.0174452
-0.0216934	0.0127985	0.0148326	0.0126738	0.155631	0.14365	0.14414	0.144334	0.0128534	0.253548	0.25715	0.256955	0.00700473	0.260174	0.0074562	0.282259	0.264217	0.00649228	0.329905	0.892402	0.332204	0.350162	0.350636	-0.184161	-0.0390115	0.361517	0.414206	-0.226722	0.361351	0.991732	0.557333	0.415858	1	-0.226903	0.353879	-0.226771	-0.224661	0.351712	-0.0903567	-0.187849	0.411708	-0.0855305	-0.194941	-0.194313	-0.194859	0.361118	0.412606	0.412331	-0.187568	0.354236	0.359484	0.406872	0.37374	0.344058	0.343946	0.290419	0.341008	0.394686	0.337857	0.389061	0.387745	0.384346	0.384876	0.379735	0.386107	0.222935	0.0589348	0.320004	0.415913	0.32159	0.314429	0.318702	0.0245911	0.0010547	0.24085
0.156395	0.144872	0.144508	0.144548	0.058279	0.0844352	0.0844764	0.0843546	0.151784	-0.141382	-0.140797	-0.141715	0.175149	-0.150934	0.178348	-0.081661	-0.151715	0.180806	-0.0955073	-0.20532	-0.0644758	-0.0685914	-0.0684098	0.8348	0.182338	-0.0746389	-0.0910621	0.999871	-0.0749517	-0.224898	-0.120776	-0.0910991	-0.226903	1	-0.0672733	0.993171	0.994933	-0.0674252	0.946191	0.810281	-0.089993	0.937901	0.78125	0.779623	0.776434	-0.0755783	-0.0905411	-0.090414	0.783897	-0.068283	-0.0750516	-0.0884249	-0.0823332	-0.0693524	-0.0696038	-0.0607182	-0.0712459	-0.0867413	-0.0693445	-0.0867567	-0.0855055	-0.0837087	-0.0834601	-0.0859506	-0.085375	0.646815	0.459197	-0.0469247	-0.0154738	-0.0458546	-0.0556466	-0.0450623	0.342199	0.222231	-0.0688859
-0.0183083	-0.0187001	-0.0150673	-0.018587	0.25082	0.25752	0.258108	0.258355	-0.0191721	-0.0322941	-0.032379	-0.0318424	-0.0132222	-0.0358247	-0.0154261	-0.0157738	-0.0345719	-0.0151631	-0.020699	-0.0451258	0.954676	0.973105	0.972543	-0.0496144	-0.0124386	0.97536	-0.0225904	-0.0673146	0.98235	0.355832	0.634312	-0.0236072	0.353879	-0.0672733	1	-0.0759749	-0.0749387	0.995037	-0.0822044	-0.0640775	-0.0226999	-0.0815397	-0.0665462	-0.0657983	-0.0668471	0.982352	-0.0232965	-0.0232748	-0.0648943	0.994947	0.980675	-0.0233451	-0.0225946	0.925249	0.927088	0.894835	0.927356	-0.019009	0.908885	-0.0187997	-0.0193149	-0.0165488	-0.0165563	-0.0186928	-0.0182086	-0.0738968	-0.107679	-0.00591228	0.551084	-0.00683993	0.872711	-0.00565952	-0.112596	-0.0783492	0.723352
0.153855	0.142399	0.142438	0.141838	0.0595361	0.0907734	0.0906724	0.0908681	0.149477	-0.143056	-0.141398	-0.142937	0.175316	-0.153212	0.178504	-0.0833802	-0.153598	0.180922	-0.0959659	-0.206344	-0.0656284	-0.0702176	-0.0700327	0.827578	0.180338	-0.0760256	-0.092606	0.992874	-0.0763367	-0.216409	-0.122295	-0.0925086	-0.226771	0.993171	-0.0759749	1	0.99792	-0.0761372	0.941957	0.805792	-0.0915237	0.934584	0.790945	0.78916	0.786009	-0.07727	-0.0923147	-0.0921907	0.79412	-0.076343	-0.0767243	-0.0901614	-0.0836729	-0.0606319	-0.0623964	-0.0624553	-0.0714808	-0.0883757	-0.0707842	-0.0881802	-0.0805941	-0.078441	-0.0784316	-0.0809765	-0.0866916	0.653908	0.46181	-0.0451105	-0.00979193	-0.0450876	-0.0555678	-0.044247	0.341524	0.227818	-0.0708607
0.1545	0.143151	0.143203	0.142576	0.0604054	0.0914877	0.0913833	0.0915823	0.150121	-0.141667	-0.139981	-0.14152	0.175886	-0.15186	0.179049	-0.082255	-0.15227	0.181474	-0.0948385	-0.204787	-0.0647496	-0.069246	-0.0690637	0.829804	0.180679	-0.0750071	-0.0915941	0.994604	-0.0753197	-0.214312	-0.120517	-0.0912454	-0.224661	0.994933	-0.0749387	0.99792	1	-0.0750929	0.944195	0.808088	-0.0902546	0.936919	0.778853	0.777116	0.774043	-0.0762464	-0.0910505	-0.0909275	0.781663	-0.0753087	-0.0757017	-0.089172	-0.0827307	-0.0594904	-0.0612512	-0.0615564	-0.0704721	-0.0873762	-0.0696155	-0.0871664	-0.0794368	-0.0771474	-0.0771398	-0.0796844	-0.0856783	0.646219	0.455904	-0.0443455	-0.00844976	-0.0441925	-0.0544842	-0.043361	0.336698	0.223923	-0.0695853
-0.0175887	-0.0180423	-0.014435	-0.017926	0.248708	0.256538	0.257064	0.257304	-0.0184852	-0.0320052	-0.0321015	-0.0315654	-0.0126846	-0.0354842	-0.0148755	-0.0152429	-0.0342487	-0.0146238	-0.0201365	-0.0452832	0.949204	0.968096	0.967001	-0.0499423	-0.0126815	0.969919	-0.0219663	-0.0674643	0.976962	0.353752	0.631568	-0.0229814	0.351712	-0.0674252	0.995037	-0.0761372	-0.0750929	1	-0.0821353	-0.0640923	-0.022078	-0.0814698	-0.0666114	-0.0658686	-0.0669305	0.978	-0.0226653	-0.0226432	-0.0649653	0.990976	0.976807	-0.0227157	-0.0218535	0.919699	0.921829	0.889601	0.924058	-0.0184269	0.90571	-0.0182321	-0.0187721	-0.0160341	-0.0160412	-0.0181578	-0.01765	-0.0745434	-0.107443	-0.00534108	0.548174	-0.00624561	0.869112	-0.00506648	-0.112072	-0.077275	0.720119
0.145988	0.134464	0.134389	0.134169	0.0529093	0.0764774	0.0765871	0.0761578	0.14076	-0.0428606	-0.0424262	-0.0430112	0.162757	-0.0498408	0.1655	0.112435	-0.0497731	0.16796	-0.0729623	-0.0538228	-0.0717764	-0.0762052	-0.0763357	0.788424	0.171608	-0.0816972	0.22871	0.945696	-0.0820173	-0.0898342	0.117998	0.23027	-0.0903567	0.946191	-0.0822044	0.941957	0.944195	-0.0821353	1	0.770921	0.229098	0.992531	0.743564	0.741923	0.738075	-0.0820239	0.229007	0.229003	0.745506	-0.0828557	-0.0817253	0.226632	0.204587	-0.0777808	-0.0777975	-0.0669741	-0.0780081	0.2199	-0.0770689	0.216322	0.210077	0.207699	0.208104	0.208718	0.215439	0.599635	0.413695	0.193757	-0.0131146	0.19508	-0.0637003	0.193504	0.295025	0.185716	-0.0739252
-0.0668934	-0.0711846	-0.0701125	-0.0712868	0.0914034	0.108406	0.108589	0.108145	-0.0731015	-0.128094	-0.129222	-0.128993	-0.0832451	-0.129273	-0.0839907	-0.064508	-0.13003	-0.0853752	-0.0757802	-0.170032	-0.0547949	-0.0581707	-0.0584847	0.971617	-0.0593067	-0.0636463	-0.0691391	0.810408	-0.0636423	-0.187647	-0.0965439	-0.0691582	-0.187849	0.810281	-0.0640775	0.805792	0.808088	-0.0640923	0.770921	1	-0.0693465	0.773471	0.973122	0.971354	0.967007	-0.0634336	-0.0696422	-0.0695494	0.966317	-0.0649386	-0.0629565	-0.0680852	-0.0632845	-0.062314	-0.0618542	-0.0470468	-0.0596371	-0.0664389	-0.0597875	-0.06635	-0.0687384	-0.0689812	-0.0693048	-0.0688011	-0.0657211	0.651549	0.495062	-0.0658089	-0.00158148	-0.0658252	-0.0501273	-0.0653567	0.379446	0.303122	-0.0549135
-0.0203926	-0.0202427	-0.0202499	-0.0201121	-0.0190474	-0.020245	-0.0200467	-0.0201935	-0.0218383	0.309693	0.308796	0.30966	-0.024573	0.319915	-0.0257831	0.625291	0.319704	-0.0256039	0.0751878	0.457951	-0.021186	-0.0236875	-0.0236201	-0.0696753	-0.0174343	-0.0229321	0.991958	-0.089926	-0.0229523	0.409603	0.733135	0.993616	0.411708	-0.089993	-0.0226999	-0.0915237	-0.0902546	-0.022078	0.229098	-0.0693465	1	0.226609	-0.0737252	-0.0729112	-0.0738062	-0.0209945	0.995601	0.995598	-0.0733938	-0.0217455	-0.0210091	0.995467	0.939696	-0.0230888	-0.0228921	-0.0222221	-0.0216785	0.960241	-0.0223434	0.943137	0.921321	0.907896	0.908196	0.91631	0.935985	-0.0984807	-0.111021	0.810159	0.0165884	0.81382	-0.0236389	0.808303	-0.120846	-0.0835537	-0.0164635
0.144176	0.132902	0.133133	0.132576	0.0518767	0.0771536	0.0772731	0.077052	0.139471	-0.0430239	-0.0406826	-0.0414037	0.163568	-0.0508183	0.166743	0.110825	-0.0491602	0.169134	-0.0735737	-0.0555818	-0.0707853	-0.0760763	-0.0758615	0.781585	0.169693	-0.0814712	0.226522	0.937332	-0.0816689	-0.0844316	0.116708	0.227546	-0.0855305	0.937901	-0.0815397	0.934584	0.936919	-0.0814698	0.992531	0.773471	0.226609	1	0.746832	0.745146	0.740801	-0.0818026	0.226786	0.226782	0.73955	-0.0820307	-0.0812752	0.224488	0.202794	-0.0707895	-0.0720743	-0.0680286	-0.0739237	0.217278	-0.0723585	0.213938	0.211618	0.209493	0.210119	0.206612	0.212812	0.603468	0.406929	0.194968	-0.00780072	0.196347	-0.058586	0.194579	0.287613	0.181998	-0.0748841
-0.0688188	-0.0728982	-0.0719622	-0.0728414	0.0844142	0.100416	0.100515	0.100043	-0.0745182	-0.13146	-0.132688	-0.132525	-0.0849065	-0.132834	-0.0855941	-0.0675017	-0.133466	-0.0870514	-0.0782731	-0.175626	-0.0566211	-0.060628	-0.060861	0.941907	-0.0613185	-0.0665429	-0.0724518	0.78144	-0.0661123	-0.194527	-0.100276	-0.0724971	-0.194941	0.78125	-0.0665462	0.790945	0.778853	-0.0666114	0.743564	0.973122	-0.0737252	0.746832	1	0.999845	0.995122	-0.0662089	-0.0740909	-0.0740032	0.993674	-0.06697	-0.065097	-0.0724177	-0.0673275	-0.0645514	-0.0642592	-0.0480684	-0.0617386	-0.0708318	-0.0614792	-0.0708376	-0.0736009	-0.0740339	-0.0743411	-0.0736003	-0.070541	0.673304	0.514474	-0.0702122	-0.00476719	-0.0699108	-0.0512746	-0.0694225	0.394463	0.316637	-0.0552523
-0.0689553	-0.0730436	-0.0721045	-0.0729867	0.083893	0.0997737	0.099873	0.0994008	-0.0746579	-0.131328	-0.13256	-0.132422	-0.0850573	-0.132962	-0.0857425	-0.067643	-0.133594	-0.0871994	-0.0783099	-0.175359	-0.0563571	-0.0603932	-0.0606251	0.940148	-0.0613937	-0.0663208	-0.0716382	0.779853	-0.0658909	-0.193895	-0.0995202	-0.0716865	-0.194313	0.779623	-0.0657983	0.78916	0.777116	-0.0658686	0.741923	0.971354	-0.0729112	0.745146	0.999845	1	0.994877	-0.0659972	-0.0742156	-0.074128	0.993424	-0.0670665	-0.0648863	-0.072543	-0.06755	-0.064651	-0.0643585	-0.0481605	-0.0618427	-0.0704904	-0.0615914	-0.0705036	-0.0728289	-0.0732754	-0.0735809	-0.0732783	-0.0702113	0.674157	0.514891	-0.0699325	-0.00472209	-0.0701148	-0.0513545	-0.0696272	0.394648	0.317012	-0.0553675
-0.0707146	-0.0750086	-0.0740926	-0.0749397	0.0819363	0.0975004	0.0975141	0.0970284	-0.076296	-0.132126	-0.133287	-0.133133	-0.0873354	-0.133884	-0.0877702	-0.0690894	-0.134489	-0.0892538	-0.0774973	-0.174931	-0.0578735	-0.0621031	-0.0623315	0.937327	-0.0622074	-0.0675562	-0.0725986	0.776655	-0.0669157	-0.194399	-0.100895	-0.0725572	-0.194859	0.776434	-0.0668471	0.786009	0.774043	-0.0669305	0.738075	0.967007	-0.0738062	0.740801	0.995122	0.994877	1	-0.0670084	-0.0753953	-0.0753068	0.989446	-0.0680118	-0.0661055	-0.0736504	-0.068762	-0.0656231	-0.0651128	-0.0484758	-0.06248	-0.0709924	-0.0622733	-0.0710627	-0.0735162	-0.0741885	-0.0744917	-0.0738441	-0.0707819	0.675112	0.512692	-0.0714114	-0.00527672	-0.0715445	-0.0522511	-0.0710441	0.39221	0.313099	-0.0558007
-0.0183166	-0.0186352	-0.0158117	-0.018524	0.254477	0.260138	0.260665	0.262579	-0.0191523	-0.0322824	-0.0318218	-0.0318161	-0.0145323	-0.0339994	-0.0167829	-0.0138939	-0.0327252	-0.0164871	-0.0197064	-0.0432512	0.972211	0.987601	0.988668	-0.060335	-0.0129398	0.990631	-0.0217942	-0.0756636	0.996389	0.360706	0.644689	-0.021918	0.361118	-0.0755783	0.982352	-0.07727	-0.0762464	0.978	-0.0820239	-0.0634336	-0.0209945	-0.0818026	-0.0662089	-0.0659972	-0.0670084	1	-0.0216027	-0.0215808	-0.0645034	0.98479	0.997922	-0.0216485	-0.0209208	0.935273	0.93744	0.914577	0.939133	-0.0172336	0.919621	-0.0170197	-0.0184947	-0.017371	-0.017413	-0.017828	-0.0164426	-0.0815389	-0.106522	-0.0129952	0.548517	-0.0131197	0.882836	-0.0128928	-0.111601	-0.083417	0.736603
-0.0200518	-0.0206274	-0.0206221	-0.020499	-0.0185731	-0.0197024	-0.0195038	-0.0196498	-0.0222551	0.31123	0.310295	0.311358	-0.024884	0.321424	-0.0261033	0.628142	0.321214	-0.0259142	0.0764158	0.459848	-0.0219058	-0.0243323	-0.024266	-0.0704047	-0.0171874	-0.0235477	0.993946	-0.0904793	-0.0235666	0.410499	0.733789	0.995188	0.412606	-0.0905411	-0.0232965	-0.0923147	-0.0910505	-0.0226653	0.229007	-0.0696422	0.995601	0.226786	-0.0740909	-0.0742156	-0.0753953	-0.0216027	1	1	-0.0745398	-0.0223399	-0.0216184	1	0.944757	-0.0236809	-0.0234879	-0.0220187	-0.022297	0.962901	-0.0229493	0.945678	0.923391	0.910319	0.910616	0.919157	0.938592	-0.0998247	-0.111206	0.814302	0.0159834	0.818012	-0.0243085	0.812487	-0.120787	-0.0838372	-0.0170919
-0.0199956	-0.02057	-0.0205645	-0.0204415	-0.0185593	-0.0197017	-0.0195032	-0.0196491	-0.0221732	0.311037	0.310105	0.311168	-0.0248041	0.321227	-0.0260249	0.627867	0.32102	-0.0258358	0.0765104	0.459683	-0.0218863	-0.0243118	-0.0242456	-0.0703041	-0.0171664	-0.0235264	0.993141	-0.0903519	-0.0235453	0.410222	0.732836	0.994786	0.412331	-0.090414	-0.0232748	-0.0921907	-0.0909275	-0.0226432	0.229003	-0.0695494	0.995598	0.226782	-0.0740032	-0.074128	-0.0753068	-0.0215808	1	1	-0.0744401	-0.0223179	-0.0215964	1	0.946122	-0.0236591	-0.0234661	-0.0220026	-0.0222754	0.964455	-0.0229275	0.947179	0.924813	0.911698	0.911997	0.920221	0.940071	-0.0997155	-0.111311	0.815049	0.0160229	0.818774	-0.0242872	0.81325	-0.120866	-0.0842868	-0.017066
-0.0663558	-0.070008	-0.068932	-0.0699697	0.0868831	0.102196	0.102389	0.102022	-0.0714944	-0.12933	-0.130059	-0.130434	-0.0820142	-0.130827	-0.0827397	-0.066915	-0.131537	-0.084202	-0.0767284	-0.172686	-0.055401	-0.0588915	-0.0594228	0.94542	-0.0592675	-0.0645902	-0.0721184	0.784193	-0.0643833	-0.186498	-0.0987123	-0.0722445	-0.187568	0.783897	-0.0648943	0.79412	0.781663	-0.0649653	0.745506	0.966317	-0.0733938	0.73955	0.993674	0.993424	0.989446	-0.0645034	-0.0745398	-0.0744401	1	-0.0661762	-0.0641212	-0.0729193	-0.0674557	-0.0641627	-0.0634796	-0.0469989	-0.0622462	-0.0707615	-0.062146	-0.0710095	-0.0733142	-0.0739781	-0.0742904	-0.0741176	-0.0706855	0.681094	0.527724	-0.0688573	-0.00123159	-0.0685901	-0.0519674	-0.0680942	0.406895	0.327739	-0.0554844
-0.0191641	-0.0195088	-0.0157753	-0.0193982	0.248503	0.257342	0.25743	0.258797	-0.020003	-0.0330116	-0.0330938	-0.0326367	-0.0139522	-0.0352092	-0.0161626	-0.0147864	-0.0339464	-0.0158913	-0.0205692	-0.0439499	0.956183	0.971806	0.972355	-0.0508801	-0.0136039	0.974728	-0.0225342	-0.0683334	0.981193	0.356267	0.633882	-0.0226585	0.354236	-0.068283	0.994947	-0.076343	-0.0753087	0.990976	-0.0828557	-0.0649386	-0.0217455	-0.0820307	-0.06697	-0.0670665	-0.0680118	0.98479	-0.0223399	-0.0223179	-0.0661762	1	0.985808	-0.0223999	-0.0215667	0.932674	0.933458	0.897188	0.934287	-0.0189134	0.916428	-0.0187028	-0.0183478	-0.015539	-0.0164736	-0.0177508	-0.0181328	-0.0763163	-0.110329	-0.00408303	0.554648	-0.00317566	0.880748	-0.00198155	-0.115156	-0.0799718	0.727283
-0.0183481	-0.0186686	-0.0157578	-0.0185572	0.252079	0.258868	0.258953	0.260872	-0.0191866	-0.0322466	-0.0318554	-0.0318528	-0.0145598	-0.0340282	-0.0168138	-0.0138429	-0.0327406	-0.0165175	-0.0197412	-0.0431489	0.970794	0.986426	0.985851	-0.059459	-0.014155	0.987933	-0.0218118	-0.0751386	0.995328	0.359745	0.642696	-0.0219359	0.359484	-0.0750516	0.980675	-0.0767243	-0.0757017	0.976807	-0.0817253	-0.0629565	-0.0210091	-0.0812752	-0.065097	-0.0648863	-0.0661055	0.997922	-0.0216184	-0.0215964	-0.0641212	0.985808	1	-0.0216909	-0.0209319	0.945023	0.945754	0.917527	0.949215	-0.0181278	0.930267	-0.0179038	-0.0184576	-0.0164247	-0.0173738	-0.0177894	-0.0173206	-0.0818557	-0.107988	-0.0129586	0.553763	-0.0130836	0.894455	-0.0128561	-0.113011	-0.0824888	0.742645
-0.0189781	-0.0195295	-0.0195104	-0.0193996	-0.0184677	-0.0197724	-0.0195752	-0.0197182	-0.0212006	0.311641	0.310768	0.311836	-0.0237475	0.32194	-0.0249955	0.630096	0.321716	-0.0247985	0.0751424	0.454062	-0.0211317	-0.0235433	-0.0234752	-0.0689735	-0.0165235	-0.0227485	0.992941	-0.0884744	-0.0227688	0.404696	0.728476	0.994631	0.406872	-0.0884249	-0.0233451	-0.0901614	-0.089172	-0.0227157	0.226632	-0.0680852	0.995467	0.224488	-0.0724177	-0.072543	-0.0736504	-0.0216485	1	1	-0.0729193	-0.0223999	-0.0216909	1	0.951414	-0.0237485	-0.0235622	-0.0213929	-0.0223912	0.977172	-0.0230324	0.960358	0.937415	0.924511	0.925213	0.933787	0.953777	-0.101146	-0.112725	0.829701	0.0142051	0.8337	-0.0244234	0.828169	-0.121894	-0.0842851	-0.0162222
-0.0137137	-0.013945	-0.0138246	-0.0138131	-0.0241973	-0.0301351	-0.0300138	-0.0301755	-0.0159232	0.336699	0.33549	0.33637	-0.0177779	0.34941	-0.0191941	0.678512	0.350198	-0.0189255	0.0846073	0.422474	-0.0190524	-0.0221364	-0.0220709	-0.0643295	-0.0168112	-0.0220654	0.940431	-0.082067	-0.0220855	0.370921	0.673136	0.939278	0.37374	-0.0823332	-0.0225946	-0.0836729	-0.0827307	-0.0218535	0.204587	-0.0632845	0.939696	0.202794	-0.0673275	-0.06755	-0.068762	-0.0209208	0.944757	0.946122	-0.0674557	-0.0215667	-0.0209319	0.951414	1	-0.0219838	-0.021816	-0.0203522	-0.0196992	0.932439	-0.0202978	0.91492	0.890702	0.877153	0.877864	0.886591	0.909259	-0.0947023	-0.103345	0.879164	-0.0336864	0.884363	-0.0219918	0.879414	-0.113844	-0.0889759	-0.0130215
